InventoryID,ProductID,WarehouseID,Quantity,LastUpdated
1,271,649,140.0,2023-03-27
2,1798,106,442.0,2023-08-01
3,513,581,112.0,2023-04-26
4,1044,702,244.0,2023-03-06
5,1513,192,22.0,2023-10-24
6,1956,278,258.0,2023-06-19
7,130,544,251.0,2023-04-26
8,838,175,257.0,2023-11-18
9,770,770,73.0,2023-04-26
10,1667,635,210.0,2023-08-09
11,1031,85,144.0,2023-12-23
12,852,988,300.0,2023-02-19
13,1777,948,438.0,2023-11-23
14,1728,728,149.0,2023-12-02
15,937,216,457.0,2023-03-20
16,1334,14,395.0,2023-01-20
17,1833,37,29.0,2023-02-06
18,1651,27,418.0,2023-09-16
19,2033,664,391.0,2023-04-03
20,473,576,221.0,2023-07-06
21,1126,70,292.0,2023-12-23
22,338,154,73.0,2023-07-20
23,319,438,172.0,2023-10-15
24,1537,765,439.0,2023-02-17
25,1049,271,246.0,2023-09-10
26,721,541,68.0,2023-02-15
27,1454,996,25.0,2023-08-19
28,143,74,207.0,2023-04-05
29,1733,796,481.0,2023-10-30
30,657,571,300.0,2023-08-06
31,1173,755,226.0,2023-02-09
32,1717,1019,204.0,2023-07-22
33,2033,149,213.0,2023-04-26
34,471,506,-22.0,2023-04-01
35,363,10,416.0,2023-02-27
36,650,644,-16.0,2023-01-10
37,209,502,243.0,2023-09-13
38,1209,62,152.0,2023-11-13
39,1089,388,17.0,2023-09-06
40,549,895,80.0,2023-11-13
41,1136,774,60.0,2023-01-06
42,263,730,473.0,2023-11-27
43,1100,232,237.0,2023-07-07
44,1320,848,-8.0,2023-08-23
45,1202,584,243.0,2023-07-02
46,766,988,234.0,2023-10-14
47,1,528,-32.0,2023-05-03
48,148,550,456.0,2023-06-07
49,876,689,496.0,2023-11-19
50,1695,445,-3.0,2023-01-13
51,1860,321,168.0,2023-11-11
52,986,894,137.0,2023-02-23
53,1804,83,-20.0,2023-12-26
54,1686,434,208.0,2023-10-04
55,1153,17,293.0,2023-02-12
56,1662,369,257.0,2023-09-24
57,513,668,20.0,2023-04-19
58,1923,684,256.0,2023-11-19
59,629,908,48.0,2023-06-15
60,972,582,-30.0,2023-12-17
61,1526,583,-45.0,2023-04-16
62,1173,255,180.0,2023-02-20
63,1293,1019,31.0,2023-07-23
64,1725,643,166.0,2023-10-29
65,653,561,284.0,2023-02-12
66,1129,533,408.0,2023-10-10
67,2033,392,36.0,2023-03-26
68,764,320,464.0,2023-08-05
69,1020,220,462.0,2023-06-07
70,929,699,427.0,2023-12-16
71,1926,414,447.0,2023-05-07
72,1305,32,398.0,2023-07-10
73,1431,715,209.0,2023-09-23
74,2033,788,486.0,2023-03-01
75,1637,754,149.0,2023-10-10
76,794,16,412.0,2023-03-03
77,900,409,43.0,2023-10-29
78,1382,828,301.0,2023-05-06
79,675,173,57.0,2023-06-21
80,1009,649,304.0,2023-03-04
81,1227,179,418.0,2023-09-17
82,1636,871,44.0,2023-01-16
83,281,573,40.0,2023-06-28
84,916,497,-7.0,2023-11-26
85,1281,936,405.0,2023-04-11
86,1118,104,333.0,2023-06-25
87,324,317,-28.0,2023-07-12
88,791,707,-28.0,2023-10-28
89,1763,768,183.0,2023-09-30
90,1386,976,260.0,2023-09-18
91,1686,588,366.0,2023-06-24
92,1375,783,282.0,2023-08-22
93,1086,181,52.0,2023-10-27
94,1665,132,449.0,2023-08-04
95,187,663,432.0,2023-09-04
96,1604,155,,2023-01-21
97,915,359,409.0,2023-11-20
98,542,235,138.0,2023-08-31
99,897,760,300.0,2023-10-15
100,1328,165,63.0,2023-10-07
101,1811,717,53.0,2023-09-01
102,639,427,457.0,2023-06-12
103,436,677,294.0,2023-05-26
104,213,488,-30.0,2023-03-08
105,1430,213,336.0,2023-04-13
106,818,925,158.0,2023-11-06
107,962,766,432.0,2023-05-05
108,1158,157,422.0,2023-04-27
109,960,689,342.0,2023-09-08
110,917,75,465.0,2023-11-17
111,993,435,137.0,2023-08-14
112,915,178,295.0,2023-07-07
113,1243,796,301.0,2023-07-06
114,421,842,490.0,2023-03-17
115,319,645,-4.0,2023-09-30
116,1181,637,26.0,2023-05-29
117,188,312,292.0,2023-07-14
118,1500,832,140.0,2023-12-30
119,162,127,492.0,2023-10-11
120,129,377,-15.0,2023-02-13
121,304,345,373.0,2023-06-19
122,1113,225,300.0,2023-04-04
123,1919,17,137.0,2023-08-12
124,917,497,476.0,2023-10-05
125,1186,993,283.0,2023-02-07
126,922,473,432.0,2023-09-27
127,1060,865,165.0,2023-08-23
128,1251,311,107.0,2023-04-21
129,151,758,190.0,2023-06-17
130,593,137,245.0,2023-02-23
131,47,475,,2023-05-07
132,1740,217,-6.0,2023-10-02
133,940,196,444.0,2023-02-11
134,660,201,124.0,2023-02-10
135,231,366,295.0,2023-02-19
136,1563,719,5.0,2023-06-08
137,1002,1019,290.0,2023-11-28
138,1725,400,57.0,2023-07-01
139,165,525,163.0,2023-06-30
140,724,590,448.0,2023-06-15
141,820,214,346.0,2023-08-20
142,1611,341,499.0,2023-07-25
143,1628,329,446.0,2023-12-21
144,1598,959,122.0,2023-02-19
145,1090,119,54.0,2023-05-26
146,1944,425,428.0,2023-10-25
147,1104,693,348.0,2023-05-25
148,140,836,383.0,2023-01-16
149,400,842,143.0,2023-03-26
150,1956,867,415.0,2023-08-04
151,130,373,290.0,2023-02-21
152,985,649,8.0,2023-02-05
153,766,179,487.0,2023-04-17
154,446,432,427.0,2023-08-07
155,1856,720,52.0,2023-12-03
156,29,945,482.0,2023-10-25
157,1226,402,271.0,2023-09-11
158,1261,394,498.0,2023-03-09
159,1623,981,-37.0,2023-07-06
160,1632,883,405.0,2023-05-04
161,799,566,170.0,2023-01-30
162,1363,79,340.0,2023-07-04
163,1423,783,,2023-10-16
164,1463,907,30.0,2023-12-25
165,289,424,285.0,2023-02-22
166,1276,118,174.0,2023-06-26
167,977,368,-16.0,2023-05-13
168,1716,106,137.0,2023-12-28
169,100,105,173.0,2023-03-18
170,1940,303,443.0,2023-12-16
171,1609,630,260.0,2023-03-01
172,422,894,470.0,2023-11-07
173,643,741,489.0,2023-04-01
174,694,148,318.0,2023-10-25
175,706,866,424.0,2023-11-21
176,18,150,-20.0,2023-10-07
177,471,816,181.0,2023-07-18
178,1662,256,446.0,2023-04-28
179,723,82,,2023-07-02
180,1031,16,247.0,2023-02-24
181,419,901,,2023-09-28
182,380,193,35.0,2023-01-05
183,508,723,38.0,2023-04-11
184,114,74,3.0,2023-10-13
185,852,277,310.0,2023-02-22
186,511,61,425.0,2023-08-06
187,1620,973,178.0,2023-11-25
188,851,951,483.0,2023-10-13
189,1897,536,322.0,2023-08-28
190,976,535,418.0,2023-08-02
191,614,343,369.0,2023-04-14
192,469,1019,481.0,2023-12-27
193,2033,943,349.0,2023-12-30
194,1516,258,133.0,2023-08-10
195,1852,198,39.0,2023-12-06
196,1126,53,332.0,2023-12-14
197,493,651,318.0,2023-07-08
198,763,271,23.0,2023-11-23
199,1560,1019,218.0,2023-11-20
200,1509,396,-36.0,2023-11-07
201,989,378,278.0,2023-04-09
202,479,891,341.0,2023-04-07
203,877,676,383.0,2023-11-23
204,167,1019,293.0,2023-03-14
205,140,535,144.0,2023-09-13
206,94,1019,-15.0,2023-08-19
207,1205,88,154.0,2023-06-19
208,576,398,6.0,2023-11-29
209,1028,182,59.0,2023-06-06
210,606,867,445.0,2023-08-10
211,1413,283,174.0,2023-12-30
212,1296,533,335.0,2023-12-12
213,1819,561,13.0,2023-04-09
214,1156,190,301.0,2023-08-08
215,584,205,412.0,2023-09-01
216,816,968,269.0,2023-09-16
217,2033,44,306.0,2023-07-13
218,593,300,42.0,2023-05-30
219,1536,640,249.0,2023-06-04
220,686,994,443.0,2023-01-22
221,1836,701,338.0,2023-04-26
222,963,682,383.0,2023-04-23
223,987,279,51.0,2023-07-30
224,1076,713,327.0,2023-01-24
225,1314,385,287.0,2023-10-10
226,446,637,441.0,2023-10-19
227,237,804,9.0,2023-12-29
228,1813,311,458.0,2023-02-25
229,1515,878,341.0,2023-09-23
230,1304,528,68.0,2023-02-23
231,1068,857,420.0,2023-12-03
232,882,274,,2023-04-18
233,766,482,-30.0,2023-07-21
234,937,806,46.0,2023-07-21
235,1949,451,462.0,2023-12-03
236,359,532,299.0,2023-08-06
237,646,531,81.0,2023-08-31
238,1592,525,495.0,2023-12-20
239,1550,17,-19.0,2023-06-27
240,690,718,208.0,2023-03-02
241,462,30,425.0,2023-02-05
242,101,470,-18.0,2023-12-24
243,692,811,337.0,2023-02-15
244,984,304,405.0,2023-04-05
245,1485,555,93.0,2023-11-23
246,769,93,173.0,2023-02-13
247,268,882,166.0,2023-11-16
248,883,578,105.0,2023-08-14
249,1386,631,469.0,2023-05-26
250,408,821,-15.0,2023-09-26
251,1061,584,-42.0,2023-01-13
252,468,846,-11.0,2023-01-25
253,1990,162,418.0,2023-09-18
254,1740,973,128.0,2023-05-08
255,2005,842,450.0,2023-02-08
256,259,328,322.0,2023-06-06
257,509,967,17.0,2023-12-30
258,1691,781,373.0,2023-07-04
259,1774,730,,2023-06-23
260,309,1019,313.0,2023-07-05
261,1636,440,400.0,2023-10-08
262,1297,571,465.0,2023-03-15
263,625,544,278.0,2023-10-22
264,110,851,319.0,2023-01-16
265,1679,120,336.0,2023-07-07
266,679,975,496.0,2023-06-21
267,1284,822,63.0,2023-07-05
268,1681,514,-13.0,2023-02-01
269,742,630,494.0,2023-03-04
270,907,549,326.0,2023-12-15
271,2033,979,,2023-10-28
272,1056,97,152.0,2023-11-05
273,1947,871,151.0,2023-07-08
274,940,370,49.0,2023-11-02
275,811,417,347.0,2023-01-26
276,1755,257,399.0,2023-12-12
277,1201,128,67.0,2023-02-08
278,104,359,370.0,2023-07-12
279,1260,156,192.0,2023-06-12
280,1117,657,490.0,2023-02-22
281,201,57,176.0,2023-06-23
282,1835,582,450.0,2023-07-15
283,899,948,162.0,2023-07-30
284,743,556,62.0,2023-10-05
285,925,724,322.0,2023-07-07
286,1791,687,248.0,2023-11-04
287,597,653,-32.0,2023-11-27
288,1059,76,-40.0,2023-08-02
289,1141,158,,2023-11-25
290,688,85,102.0,2023-01-29
291,1482,322,499.0,2023-06-20
292,2033,309,84.0,2023-05-02
293,1959,530,322.0,2023-06-08
294,920,284,410.0,2023-03-27
295,788,900,184.0,2023-10-29
296,399,42,204.0,2023-01-04
297,597,894,277.0,2023-01-02
298,117,885,311.0,2023-05-13
299,362,134,,2023-10-29
300,204,614,158.0,2023-03-20
301,1170,649,216.0,2023-05-27
302,444,404,,2023-06-15
303,727,493,370.0,2023-11-11
304,1641,222,257.0,2023-08-26
305,861,229,86.0,2023-11-24
306,1321,806,368.0,2023-10-03
307,868,452,,2023-07-23
308,2033,998,44.0,2023-02-22
309,1511,306,439.0,2023-04-17
310,767,828,207.0,2023-02-24
311,1255,909,-26.0,2023-09-03
312,1227,119,,2023-06-13
313,362,611,281.0,2023-01-15
314,395,862,170.0,2023-01-01
315,248,938,246.0,2023-12-17
316,1464,324,152.0,2023-05-17
317,914,921,,2023-05-31
318,1420,159,154.0,2023-06-29
319,761,239,26.0,2023-08-20
320,656,396,499.0,2023-07-07
321,1819,320,-9.0,2023-01-18
322,356,847,404.0,2023-08-13
323,1425,189,131.0,2023-04-15
324,241,309,144.0,2023-07-25
325,1365,249,337.0,2023-07-05
326,1911,538,90.0,2023-03-06
327,229,701,-24.0,2023-11-29
328,1567,506,264.0,2023-07-26
329,621,394,270.0,2023-08-17
330,931,652,397.0,2023-03-10
331,1563,406,242.0,2023-05-22
332,855,1000,185.0,2023-07-25
333,1696,181,406.0,2023-06-23
334,529,21,16.0,2023-07-16
335,267,675,125.0,2023-11-27
336,1153,583,459.0,2023-11-03
337,220,594,40.0,2023-07-16
338,1106,155,115.0,2023-08-16
339,561,828,387.0,2023-09-28
340,1577,867,0.0,2023-07-18
341,1044,559,215.0,2023-11-21
342,1351,194,470.0,2023-01-15
343,1061,224,36.0,2023-10-13
344,382,399,1.0,2023-11-30
345,1936,749,128.0,2023-08-04
346,39,280,227.0,2023-02-04
347,1133,980,188.0,2023-03-10
348,429,10,288.0,2023-07-31
349,1088,376,21.0,2023-02-15
350,1199,472,323.0,2023-09-05
351,791,152,466.0,2023-03-26
352,32,856,187.0,2023-02-17
353,945,616,415.0,2023-08-19
354,1745,124,70.0,2023-03-08
355,1915,697,362.0,2023-03-30
356,531,802,-8.0,2023-08-07
357,106,553,453.0,2023-02-21
358,482,424,146.0,2023-01-22
359,206,523,21.0,2023-04-09
360,1271,730,40.0,2023-05-11
361,835,513,498.0,2023-03-29
362,1703,926,440.0,2023-05-16
363,89,171,,2023-02-08
364,1340,850,415.0,2023-01-18
365,1035,794,103.0,2023-04-15
366,1073,565,119.0,2023-05-26
367,1935,125,221.0,2023-12-02
368,896,175,59.0,2023-08-12
369,2003,504,100.0,2023-04-27
370,1597,777,380.0,2023-01-01
371,1195,777,400.0,2023-04-27
372,143,385,-28.0,2023-01-26
373,207,711,316.0,2023-01-12
374,1487,768,188.0,2023-10-21
375,509,684,383.0,2023-12-07
376,1225,571,76.0,2023-06-18
377,5,952,490.0,2023-02-22
378,211,106,147.0,2023-09-26
379,29,947,431.0,2023-09-05
380,1214,637,128.0,2023-05-08
381,188,528,472.0,2023-03-17
382,1861,38,386.0,2023-09-26
383,1791,395,263.0,2023-05-26
384,1174,755,-32.0,2023-02-17
385,525,921,109.0,2023-07-18
386,946,477,71.0,2023-03-12
387,1908,467,21.0,2023-04-02
388,1967,722,4.0,2023-07-28
389,1390,505,409.0,2023-12-08
390,157,315,118.0,2023-12-05
391,80,285,98.0,2023-02-17
392,1892,464,-25.0,2023-01-29
393,1297,680,,2023-06-25
394,660,264,176.0,2023-01-19
395,1742,610,433.0,2023-12-21
396,626,646,-41.0,2023-02-16
397,1542,429,44.0,2023-12-11
398,1814,365,70.0,2023-03-01
399,232,181,75.0,2023-06-25
400,1673,734,498.0,2023-09-12
401,160,876,18.0,2023-08-17
402,344,994,246.0,2023-05-27
403,1313,661,450.0,2023-10-25
404,205,244,-6.0,2023-11-29
405,2033,313,331.0,2023-08-27
406,838,76,-24.0,2023-11-28
407,305,881,446.0,2023-07-07
408,1384,262,85.0,2023-11-20
409,670,231,-2.0,2023-12-01
410,1894,703,456.0,2023-07-28
411,400,380,,2023-03-16
412,1473,646,,2023-07-02
413,106,309,475.0,2023-03-28
414,1106,764,-8.0,2023-09-28
415,342,388,45.0,2023-06-29
416,2033,757,-24.0,2023-09-02
417,1806,777,191.0,2023-12-12
418,952,325,436.0,2023-01-07
419,1445,842,189.0,2023-09-26
420,49,879,253.0,2023-01-13
421,206,456,16.0,2023-08-14
422,1242,512,,2023-09-23
423,1842,343,141.0,2023-08-30
424,1700,516,68.0,2023-06-29
425,1460,442,101.0,2023-06-29
426,791,549,341.0,2023-05-06
427,1346,583,180.0,2023-10-10
428,231,262,300.0,2023-12-22
429,1735,749,478.0,2023-07-09
430,1511,819,120.0,2023-01-16
431,1453,463,81.0,2023-11-11
432,883,867,306.0,2023-01-21
433,726,690,-9.0,2023-01-16
434,2033,608,254.0,2023-09-26
435,1510,1019,-45.0,2023-02-02
436,276,227,278.0,2023-07-01
437,433,523,119.0,2023-03-10
438,1209,778,287.0,2023-02-21
439,1746,189,18.0,2023-03-06
440,633,209,488.0,2023-10-27
441,216,13,456.0,2023-12-01
442,97,889,,2023-08-16
443,955,162,392.0,2023-08-10
444,1143,572,0.0,2023-09-29
445,365,493,98.0,2023-01-18
446,1818,435,41.0,2023-08-06
447,1427,5,317.0,2023-09-30
448,2033,202,25.0,2023-11-04
449,618,416,35.0,2023-06-22
450,397,12,176.0,2023-02-25
451,458,948,312.0,2023-12-15
452,318,397,-27.0,2023-01-09
453,382,341,-23.0,2023-10-10
454,142,752,,2023-10-20
455,457,950,439.0,2023-01-22
456,501,373,294.0,2023-03-13
457,1931,378,-20.0,2023-12-21
458,323,225,176.0,2023-11-24
459,2033,182,199.0,2023-06-21
460,268,297,-1.0,2023-05-03
461,1827,816,338.0,2023-04-01
462,487,307,237.0,2023-08-12
463,878,431,,2023-10-19
464,679,690,,2023-12-20
465,1184,118,361.0,2023-09-09
466,1767,352,273.0,2023-10-25
467,14,588,,2023-09-13
468,1004,46,231.0,2023-01-13
469,705,227,140.0,2023-12-01
470,155,356,,2023-04-28
471,101,1019,383.0,2023-06-27
472,572,240,12.0,2023-11-04
473,1067,348,402.0,2023-06-10
474,1217,141,442.0,2023-04-05
475,1335,204,391.0,2023-11-10
476,621,662,256.0,2023-06-17
477,1629,642,75.0,2023-03-28
478,1752,861,214.0,2023-01-03
479,1015,845,-44.0,2023-01-16
480,465,995,362.0,2023-05-10
481,1187,269,155.0,2023-01-23
482,351,313,128.0,2023-04-08
483,234,418,417.0,2023-06-07
484,1952,915,445.0,2023-08-27
485,403,137,392.0,2023-01-10
486,351,628,177.0,2023-11-17
487,1191,351,95.0,2023-01-22
488,1172,161,245.0,2023-11-04
489,28,667,190.0,2023-07-03
490,259,173,236.0,2023-08-05
491,1952,130,-25.0,2023-08-02
492,1622,79,401.0,2023-12-02
493,620,979,55.0,2023-06-07
494,1466,569,189.0,2023-07-29
495,1974,863,367.0,2023-05-13
496,1962,57,281.0,2023-02-22
497,1653,400,-9.0,2023-08-17
498,876,363,-16.0,2023-07-02
499,1551,335,296.0,2023-01-23
500,1235,134,333.0,2023-04-16
501,1854,14,462.0,2023-04-01
502,543,283,237.0,2023-04-29
503,1469,806,-18.0,2023-05-18
504,1818,659,44.0,2023-04-30
505,453,421,154.0,2023-06-10
506,697,127,-21.0,2023-07-27
507,404,772,215.0,2023-12-15
508,1019,826,-28.0,2023-11-14
509,1090,218,-12.0,2023-12-04
510,1429,905,122.0,2023-06-04
511,883,1019,362.0,2023-09-20
512,1852,881,363.0,2023-12-22
513,575,680,158.0,2023-06-04
514,1459,655,-29.0,2023-11-26
515,1252,489,-46.0,2023-11-09
516,1500,997,163.0,2023-10-13
517,1492,260,88.0,2023-09-16
518,1125,218,266.0,2023-06-06
519,423,820,105.0,2023-01-14
520,1380,658,373.0,2023-03-18
521,1163,489,449.0,2023-12-05
522,1655,949,40.0,2023-12-01
523,1593,443,-9.0,2023-08-08
524,1155,99,,2023-08-20
525,549,182,286.0,2023-10-21
526,468,169,-50.0,2023-05-22
527,1504,233,58.0,2023-09-08
528,111,956,74.0,2023-10-23
529,153,93,13.0,2023-05-20
530,917,629,155.0,2023-05-22
531,762,1019,364.0,2023-05-09
532,1266,516,193.0,2023-11-20
533,720,85,165.0,2023-11-01
534,880,679,477.0,2023-01-18
535,682,519,,2023-08-31
536,769,381,28.0,2023-06-13
537,279,407,364.0,2023-11-16
538,363,232,402.0,2023-04-06
539,1649,251,,2023-01-28
540,1432,85,-13.0,2023-08-18
541,1199,319,,2023-01-25
542,601,193,282.0,2023-06-24
543,1159,635,237.0,2023-06-10
544,1530,937,61.0,2023-01-30
545,294,601,40.0,2023-06-14
546,1519,607,-2.0,2023-07-27
547,1839,887,110.0,2023-04-12
548,871,300,,2023-04-16
549,1443,358,351.0,2023-11-26
550,1230,557,269.0,2023-03-10
551,1342,765,,2023-01-08
552,73,453,391.0,2023-05-03
553,259,885,424.0,2023-12-19
554,1382,991,261.0,2023-04-11
555,1172,563,481.0,2023-01-01
556,1249,506,169.0,2023-12-17
557,1129,65,446.0,2023-01-07
558,1580,566,292.0,2023-11-14
559,2033,952,43.0,2023-04-21
560,356,222,82.0,2023-12-09
561,1562,466,450.0,2023-07-05
562,1840,72,121.0,2023-08-04
563,1285,888,-42.0,2023-12-09
564,571,474,270.0,2023-05-03
565,573,680,47.0,2023-07-20
566,817,698,118.0,2023-01-08
567,1950,655,260.0,2023-03-05
568,1937,19,292.0,2023-05-16
569,1094,522,379.0,2023-07-05
570,1978,984,449.0,2023-05-07
571,1471,784,234.0,2023-02-18
572,1981,683,209.0,2023-06-15
573,447,415,444.0,2023-05-07
574,783,364,304.0,2023-10-29
575,1281,528,163.0,2023-11-17
576,909,80,149.0,2023-06-26
577,944,796,,2023-07-22
578,896,190,85.0,2023-06-06
579,930,148,371.0,2023-12-12
580,637,675,290.0,2023-08-07
581,926,443,291.0,2023-10-12
582,531,265,479.0,2023-10-16
583,119,872,337.0,2023-01-28
584,1856,650,-47.0,2023-12-17
585,66,509,348.0,2023-03-24
586,245,301,371.0,2023-04-22
587,57,466,360.0,2023-06-03
588,1068,365,162.0,2023-01-29
589,524,399,-3.0,2023-08-01
590,1914,493,136.0,2023-04-12
591,424,542,451.0,2023-12-26
592,1772,816,,2023-08-02
593,2033,480,424.0,2023-10-31
594,395,168,-9.0,2023-06-04
595,450,603,210.0,2023-07-19
596,1281,91,-3.0,2023-06-17
597,954,723,395.0,2023-08-26
598,1820,842,170.0,2023-06-08
599,1860,300,,2023-07-12
600,1385,174,187.0,2023-06-16
601,763,646,104.0,2023-08-14
602,1630,373,5.0,2023-09-08
603,1404,24,336.0,2023-10-07
604,443,201,264.0,2023-08-09
605,967,731,-13.0,2023-01-23
606,892,7,290.0,2023-07-08
607,534,6,180.0,2023-09-29
608,1498,630,401.0,2023-01-27
609,157,161,291.0,2023-07-29
610,89,597,402.0,2023-02-04
611,202,878,206.0,2023-07-17
612,980,248,383.0,2023-06-23
613,462,166,158.0,2023-08-06
614,1505,428,150.0,2023-02-25
615,709,145,86.0,2023-06-01
616,1581,511,343.0,2023-02-07
617,454,543,-15.0,2023-07-17
618,1494,933,164.0,2023-01-09
619,380,509,-24.0,2023-06-27
620,401,1019,-33.0,2023-11-21
621,1103,220,,2023-06-25
622,551,645,-21.0,2023-09-18
623,936,576,22.0,2023-03-25
624,1820,76,72.0,2023-05-19
625,1013,643,177.0,2023-08-30
626,1410,824,287.0,2023-11-12
627,978,319,222.0,2023-06-04
628,1691,873,,2023-08-09
629,661,38,-12.0,2023-05-15
630,1367,566,375.0,2023-07-07
631,903,642,264.0,2023-06-27
632,445,730,458.0,2023-03-08
633,52,514,106.0,2023-03-10
634,1275,246,206.0,2023-03-18
635,1968,140,405.0,2023-01-12
636,1918,1019,-4.0,2023-10-10
637,1683,258,281.0,2023-09-03
638,329,617,-41.0,2023-08-25
639,1932,381,93.0,2023-09-09
640,1518,848,380.0,2023-07-26
641,1374,478,,2023-12-07
642,1991,185,436.0,2023-04-18
643,770,303,85.0,2023-07-28
644,1809,494,-25.0,2023-11-07
645,1483,756,-44.0,2023-11-04
646,498,164,-36.0,2023-10-20
647,125,644,381.0,2023-04-23
648,204,203,349.0,2023-01-15
649,768,408,156.0,2023-12-06
650,643,210,165.0,2023-03-24
651,1045,859,451.0,2023-03-06
652,590,101,408.0,2023-01-03
653,1871,446,208.0,2023-12-27
654,1587,898,278.0,2023-08-24
655,362,783,403.0,2023-05-09
656,361,971,324.0,2023-09-04
657,1802,987,413.0,2023-08-23
658,1140,561,24.0,2023-01-30
659,55,368,191.0,2023-03-12
660,292,239,-34.0,2023-05-28
661,1075,727,208.0,2023-04-03
662,842,291,72.0,2023-10-10
663,785,372,260.0,2023-08-05
664,254,862,60.0,2023-08-26
665,492,431,,2023-08-15
666,985,280,183.0,2023-08-07
667,573,467,446.0,2023-11-15
668,859,316,-11.0,2023-12-03
669,993,989,71.0,2023-01-31
670,1995,77,399.0,2023-04-24
671,1933,816,468.0,2023-04-12
672,961,151,41.0,2023-04-03
673,1887,396,,2023-07-26
674,225,496,72.0,2023-08-17
675,1493,297,286.0,2023-03-12
676,1872,669,462.0,2023-12-08
677,103,710,377.0,2023-05-16
678,2033,947,382.0,2023-10-11
679,1072,896,-44.0,2023-12-04
680,737,1019,69.0,2023-12-17
681,1366,287,336.0,2023-01-17
682,233,493,299.0,2023-08-03
683,1606,917,47.0,2023-09-01
684,1583,536,-8.0,2023-04-05
685,228,456,132.0,2023-05-01
686,1007,492,184.0,2023-01-06
687,522,9,395.0,2023-09-25
688,1721,918,149.0,2023-03-28
689,1616,132,462.0,2023-07-08
690,13,77,475.0,2023-04-13
691,1523,738,162.0,2023-04-14
692,445,131,327.0,2023-10-18
693,1850,997,495.0,2023-03-08
694,340,888,435.0,2023-04-16
695,1348,412,310.0,2023-09-05
696,1620,90,117.0,2023-12-14
697,598,498,353.0,2023-07-26
698,157,629,86.0,2023-07-24
699,656,622,182.0,2023-11-15
700,1003,889,64.0,2023-03-24
701,1599,354,201.0,2023-03-23
702,1455,271,442.0,2023-10-14
703,1579,392,238.0,2023-02-06
704,1431,432,-2.0,2023-08-01
705,1182,739,401.0,2023-05-13
706,1209,472,465.0,2023-04-25
707,798,756,221.0,2023-07-30
708,491,308,380.0,2023-05-12
709,835,508,-25.0,2023-06-03
710,952,55,19.0,2023-10-21
711,1560,37,242.0,2023-07-01
712,357,900,355.0,2023-05-27
713,717,55,183.0,2023-08-10
714,362,524,180.0,2023-10-09
715,1248,915,212.0,2023-05-07
716,1637,1019,70.0,2023-11-04
717,1228,697,412.0,2023-07-22
718,8,478,467.0,2023-04-28
719,472,749,-27.0,2023-03-02
720,172,805,326.0,2023-08-19
721,2033,716,449.0,2023-05-30
722,96,211,386.0,2023-05-25
723,674,226,448.0,2023-04-21
724,1827,7,123.0,2023-06-16
725,608,732,458.0,2023-07-08
726,1330,823,259.0,2023-02-18
727,1681,540,19.0,2023-04-17
728,2033,989,154.0,2023-04-03
729,474,805,290.0,2023-05-04
730,2033,212,-19.0,2023-11-13
731,1324,189,-8.0,2023-05-20
732,1489,75,67.0,2023-11-10
733,614,754,-36.0,2023-01-11
734,689,114,271.0,2023-12-27
735,898,679,286.0,2023-06-20
736,1352,618,481.0,2023-02-05
737,110,151,330.0,2023-05-10
738,710,436,460.0,2023-12-09
739,1929,878,69.0,2023-03-02
740,1153,84,,2023-11-30
741,965,212,483.0,2023-02-18
742,871,779,13.0,2023-07-05
743,1161,834,409.0,2023-08-09
744,1934,781,263.0,2023-01-06
745,1563,461,165.0,2023-10-27
746,649,937,,2023-06-24
747,1188,177,489.0,2023-10-06
748,349,783,422.0,2023-12-20
749,2004,312,308.0,2023-12-30
750,463,694,75.0,2023-07-23
751,1892,159,36.0,2023-04-06
752,1667,701,292.0,2023-10-09
753,1528,186,344.0,2023-05-15
754,885,471,,2023-02-02
755,1175,956,405.0,2023-03-23
756,1914,309,425.0,2023-05-28
757,246,982,159.0,2023-04-05
758,1134,246,474.0,2023-06-19
759,1609,829,256.0,2023-07-30
760,798,976,25.0,2023-07-10
761,1299,1019,-29.0,2023-01-07
762,870,42,9.0,2023-11-10
763,1091,285,335.0,2023-12-08
764,1074,980,5.0,2023-02-03
765,816,988,117.0,2023-02-20
766,515,923,361.0,2023-04-30
767,226,300,140.0,2023-05-18
768,578,989,431.0,2023-04-16
769,506,1019,365.0,2023-10-09
770,155,436,289.0,2023-02-01
771,1898,369,208.0,2023-05-04
772,1504,874,299.0,2023-06-19
773,111,486,386.0,2023-01-12
774,483,949,171.0,2023-06-17
775,808,436,362.0,2023-12-09
776,1917,806,299.0,2023-03-19
777,1792,428,431.0,2023-02-03
778,274,181,8.0,2023-07-28
779,2033,883,101.0,2023-11-22
780,1675,898,489.0,2023-01-08
781,1191,877,174.0,2023-08-13
782,1043,1019,267.0,2023-08-15
783,345,340,228.0,2023-06-24
784,1927,491,423.0,2023-03-22
785,735,495,,2023-10-09
786,569,973,468.0,2023-02-26
787,1922,730,317.0,2023-05-15
788,294,163,284.0,2023-08-26
789,645,558,382.0,2023-08-05
790,1486,456,-48.0,2023-08-15
791,338,92,207.0,2023-01-26
792,1828,105,212.0,2023-07-06
793,452,719,70.0,2023-04-28
794,344,439,-30.0,2023-07-16
795,717,498,89.0,2023-04-26
796,631,328,426.0,2023-10-30
797,765,651,238.0,2023-04-12
798,85,541,155.0,2023-06-12
799,1721,509,-8.0,2023-06-27
800,737,251,67.0,2023-10-07
801,660,965,-46.0,2023-10-13
802,1413,191,156.0,2023-07-31
803,1816,47,294.0,2023-02-23
804,227,879,91.0,2023-03-08
805,1310,251,321.0,2023-02-01
806,1308,775,181.0,2023-09-08
807,1717,885,113.0,2023-01-08
808,1971,64,496.0,2023-08-03
809,109,850,,2023-02-15
810,135,320,284.0,2023-03-21
811,938,860,-40.0,2023-02-04
812,291,780,357.0,2023-07-08
813,1911,524,24.0,2023-03-30
814,1826,292,249.0,2023-12-01
815,1639,29,330.0,2023-05-16
816,1737,651,-23.0,2023-02-03
817,1532,1019,412.0,2023-10-08
818,1653,966,345.0,2023-04-23
819,1868,597,325.0,2023-06-21
820,822,586,370.0,2023-12-05
821,1053,763,313.0,2023-02-12
822,394,736,165.0,2023-01-13
823,27,47,50.0,2023-06-23
824,1491,417,42.0,2023-05-05
825,2033,593,215.0,2023-11-28
826,554,451,155.0,2023-07-26
827,933,633,29.0,2023-12-09
828,445,555,-14.0,2023-04-14
829,224,658,-40.0,2023-05-10
830,1487,74,39.0,2023-02-09
831,21,53,-32.0,2023-01-23
832,1411,233,323.0,2023-09-09
833,1672,807,43.0,2023-11-21
834,1350,875,-19.0,2023-10-17
835,1757,200,89.0,2023-07-21
836,467,674,-30.0,2023-06-04
837,1681,549,98.0,2023-02-24
838,1546,937,170.0,2023-04-16
839,1249,97,168.0,2023-09-17
840,653,49,490.0,2023-07-19
841,1499,896,7.0,2023-11-22
842,618,1019,374.0,2023-08-05
843,780,40,224.0,2023-02-16
844,1730,914,89.0,2023-04-27
845,458,153,-28.0,2023-07-31
846,640,106,327.0,2023-06-04
847,1237,553,322.0,2023-09-20
848,663,676,12.0,2023-05-31
849,961,770,291.0,2023-07-31
850,1505,211,116.0,2023-07-11
851,1920,202,100.0,2023-08-31
852,180,433,472.0,2023-04-08
853,1853,707,450.0,2023-01-29
854,538,565,297.0,2023-07-08
855,2033,1019,221.0,2023-06-21
856,22,499,379.0,2023-07-16
857,1369,282,182.0,2023-06-04
858,577,310,157.0,2023-05-20
859,763,755,402.0,2023-10-20
860,922,51,450.0,2023-10-17
861,1045,495,168.0,2023-09-13
862,2033,409,30.0,2023-06-13
863,1432,626,498.0,2023-05-14
864,1511,273,490.0,2023-12-18
865,1552,458,200.0,2023-11-25
866,1440,120,364.0,2023-09-23
867,1296,701,35.0,2023-01-29
868,1229,46,166.0,2023-05-19
869,1322,243,145.0,2023-12-14
870,672,311,246.0,2023-11-08
871,1970,562,-7.0,2023-03-26
872,1577,331,342.0,2023-09-06
873,1132,1019,392.0,2023-12-17
874,637,908,39.0,2023-11-10
875,1024,424,104.0,2023-08-21
876,152,48,427.0,2023-11-04
877,13,377,8.0,2023-03-02
878,715,568,59.0,2023-09-30
879,1103,8,428.0,2023-08-07
880,906,984,-2.0,2023-10-13
881,1578,526,326.0,2023-09-06
882,1193,727,-19.0,2023-03-13
883,249,370,435.0,2023-10-20
884,1145,440,480.0,2023-07-17
885,387,757,-48.0,2023-03-21
886,2033,566,327.0,2023-05-17
887,1296,484,191.0,2023-08-01
888,300,273,490.0,2023-11-23
889,721,941,306.0,2023-04-17
890,473,901,146.0,2023-07-26
891,1182,131,368.0,2023-06-01
892,1007,521,222.0,2023-05-13
893,633,724,451.0,2023-06-15
894,1251,634,-16.0,2023-06-29
895,421,114,410.0,2023-05-01
896,956,532,,2023-06-23
897,973,499,461.0,2023-11-27
898,24,339,-3.0,2023-03-09
899,1766,21,134.0,2023-07-06
900,538,720,440.0,2023-05-18
901,1594,33,222.0,2023-12-20
902,777,133,476.0,2023-11-04
903,638,920,77.0,2023-11-26
904,1981,703,159.0,2023-08-26
905,1811,975,91.0,2023-01-18
906,540,26,122.0,2023-03-17
907,903,364,,2023-05-31
908,1837,601,68.0,2023-04-18
909,1152,92,-40.0,2023-06-02
910,1118,545,253.0,2023-11-12
911,1727,238,103.0,2023-02-06
912,421,18,272.0,2023-11-29
913,1296,274,486.0,2023-05-26
914,484,934,394.0,2023-05-06
915,1029,289,291.0,2023-10-12
916,157,27,,2023-04-18
917,52,817,59.0,2023-10-13
918,243,434,359.0,2023-08-28
919,1687,911,367.0,2023-04-12
920,774,108,454.0,2023-08-08
921,420,973,-11.0,2023-01-07
922,1977,948,458.0,2023-08-04
923,1953,738,408.0,2023-06-18
924,1841,1019,212.0,2023-03-15
925,425,867,67.0,2023-10-20
926,80,531,399.0,2023-01-27
927,695,735,363.0,2023-10-04
928,354,793,475.0,2023-02-12
929,1643,104,410.0,2023-11-03
930,1690,844,67.0,2023-04-03
931,293,332,166.0,2023-03-12
932,717,362,26.0,2023-09-26
933,1140,921,370.0,2023-04-19
934,529,289,121.0,2023-06-30
935,480,444,,2023-08-03
936,1312,37,-25.0,2023-04-24
937,1692,348,77.0,2023-07-04
938,477,892,323.0,2023-05-05
939,25,756,-27.0,2023-04-15
940,431,43,419.0,2023-08-25
941,1302,126,372.0,2023-05-21
942,317,9,126.0,2023-10-20
943,638,526,487.0,2023-06-07
944,1836,131,215.0,2023-10-01
945,358,325,219.0,2023-12-07
946,1300,184,278.0,2023-04-27
947,1901,282,404.0,2023-03-03
948,690,895,244.0,2023-01-24
949,2033,53,71.0,2023-03-01
950,1455,553,108.0,2023-12-28
951,559,850,127.0,2023-11-12
952,712,870,277.0,2023-09-22
953,563,533,256.0,2023-06-29
954,439,377,38.0,2023-08-20
955,1486,295,-13.0,2023-05-23
956,1831,208,295.0,2023-11-29
957,1294,1000,201.0,2023-09-02
958,1733,663,98.0,2023-03-22
959,1455,477,-35.0,2023-05-06
960,1045,970,316.0,2023-05-17
961,143,954,,2023-02-25
962,1784,69,266.0,2023-08-01
963,868,843,237.0,2023-04-04
964,353,925,300.0,2023-10-19
965,1489,830,246.0,2023-05-08
966,2033,437,143.0,2023-08-05
967,468,301,341.0,2023-07-18
968,1537,27,392.0,2023-01-20
969,2033,628,230.0,2023-02-24
970,877,930,250.0,2023-09-03
971,1874,654,375.0,2023-09-08
972,1418,553,199.0,2023-03-01
973,919,1019,464.0,2023-06-12
974,1810,586,355.0,2023-07-21
975,1777,572,193.0,2023-08-15
976,1082,810,,2023-05-09
977,2033,634,69.0,2023-02-14
978,841,947,389.0,2023-07-16
979,878,715,453.0,2023-06-15
980,1485,11,382.0,2023-09-04
981,52,931,132.0,2023-08-14
982,1012,659,410.0,2023-10-07
983,1759,216,67.0,2023-09-17
984,814,886,-20.0,2023-12-13
985,1899,321,98.0,2023-07-16
986,269,460,477.0,2023-04-17
987,96,957,222.0,2023-09-26
988,273,815,334.0,2023-08-20
989,1347,526,,2023-04-11
990,1597,579,21.0,2023-06-09
991,1857,692,357.0,2023-04-05
992,1717,877,296.0,2023-07-26
993,133,754,316.0,2023-11-09
994,928,160,498.0,2023-08-23
995,89,464,240.0,2023-11-23
996,685,998,371.0,2023-06-03
997,824,522,130.0,2023-04-10
998,5,636,63.0,2023-08-26
999,357,273,187.0,2023-04-17
1000,1367,241,43.0,2023-12-12
1001,204,936,209.0,2023-12-30
1002,1698,964,56.0,2023-05-10
1003,1597,959,193.0,2023-10-26
1004,471,655,372.0,2023-02-12
1005,464,865,284.0,2023-03-04
1006,497,167,-28.0,2023-03-14
1007,702,569,220.0,2023-07-05
1008,837,650,,2023-04-27
1009,63,327,415.0,2023-10-31
1010,1580,865,403.0,2023-01-05
1011,239,529,333.0,2023-03-17
1012,540,844,326.0,2023-10-18
1013,198,273,387.0,2023-12-15
1014,781,879,,2023-03-24
1015,1707,376,105.0,2023-03-01
1016,30,912,284.0,2023-04-17
1017,666,375,480.0,2023-04-27
1018,1233,334,81.0,2023-11-03
1019,1087,3,450.0,2023-12-13
1020,1865,243,,2023-03-23
1021,1081,620,89.0,2023-11-11
1022,1856,51,84.0,2023-11-16
1023,1744,882,356.0,2023-12-27
1024,1457,350,43.0,2023-05-21
1025,1332,174,190.0,2023-08-10
1026,1599,116,114.0,2023-03-11
1027,1784,695,,2023-01-12
1028,1490,361,167.0,2023-10-24
1029,1677,355,180.0,2023-04-15
1030,1629,666,128.0,2023-07-26
1031,1131,759,29.0,2023-03-06
1032,1901,76,303.0,2023-03-04
1033,600,927,110.0,2023-06-27
1034,1018,756,376.0,2023-01-08
1035,1325,81,352.0,2023-06-08
1036,620,229,-19.0,2023-01-11
1037,1070,72,70.0,2023-09-30
1038,77,403,464.0,2023-04-05
1039,729,218,334.0,2023-06-04
1040,1193,452,374.0,2023-07-25
1041,814,911,425.0,2023-04-25
1042,1153,755,116.0,2023-03-28
1043,1737,367,338.0,2023-11-08
1044,708,826,282.0,2023-07-16
1045,1884,590,472.0,2023-12-16
1046,268,670,420.0,2023-04-08
1047,1624,560,473.0,2023-01-19
1048,765,312,2.0,2023-11-09
1049,2033,298,-30.0,2023-01-16
1050,585,24,-32.0,2023-02-14
1051,419,110,405.0,2023-06-04
1052,870,52,271.0,2023-08-19
1053,1891,939,382.0,2023-06-06
1054,1185,290,8.0,2023-04-23
1055,1082,444,100.0,2023-12-25
1056,384,467,389.0,2023-02-13
1057,1909,259,7.0,2023-12-31
1058,803,324,242.0,2023-12-31
1059,510,651,131.0,2023-04-20
1060,430,909,27.0,2023-04-21
1061,1364,818,54.0,2023-08-11
1062,578,338,210.0,2023-09-22
1063,940,787,172.0,2023-09-28
1064,1050,556,,2023-07-31
1065,1834,929,78.0,2023-11-10
1066,589,422,268.0,2023-09-15
1067,798,259,458.0,2023-09-04
1068,372,625,-31.0,2023-02-24
1069,2033,739,184.0,2023-11-05
1070,1060,65,299.0,2023-12-16
1071,1555,163,402.0,2023-03-13
1072,1814,164,458.0,2023-10-23
1073,1857,678,372.0,2023-08-01
1074,1849,39,139.0,2023-10-22
1075,1291,665,74.0,2023-06-20
1076,1818,320,-45.0,2023-09-03
1077,1456,360,407.0,2023-05-21
1078,1043,269,471.0,2023-04-14
1079,1363,324,38.0,2023-04-15
1080,140,326,60.0,2023-08-28
1081,67,587,346.0,2023-11-07
1082,1015,257,-40.0,2023-11-17
1083,1848,200,446.0,2023-10-07
1084,1554,438,-35.0,2023-01-22
1085,1393,610,,2023-03-19
1086,261,104,438.0,2023-10-28
1087,1648,372,137.0,2023-07-14
1088,1944,905,407.0,2023-11-16
1089,974,164,0.0,2023-12-19
1090,627,113,220.0,2023-01-21
1091,1702,615,413.0,2023-06-09
1092,579,549,-8.0,2023-08-20
1093,1791,106,488.0,2023-12-27
1094,1606,699,70.0,2023-10-28
1095,1996,364,265.0,2023-02-13
1096,1844,21,64.0,2023-10-24
1097,1022,660,403.0,2023-12-18
1098,1227,998,469.0,2023-06-29
1099,639,129,286.0,2023-04-11
1100,1959,483,189.0,2023-04-25
1101,1979,699,335.0,2023-08-01
1102,410,796,94.0,2023-01-18
1103,833,199,326.0,2023-01-27
1104,1104,747,-47.0,2023-12-24
1105,1712,952,277.0,2023-10-12
1106,113,620,146.0,2023-05-29
1107,623,521,338.0,2023-10-12
1108,821,961,210.0,2023-05-17
1109,1161,420,43.0,2023-07-08
1110,1669,226,206.0,2023-07-09
1111,1908,930,85.0,2023-07-18
1112,840,209,474.0,2023-04-12
1113,189,245,447.0,2023-04-01
1114,277,288,127.0,2023-08-12
1115,2033,66,61.0,2023-01-05
1116,103,868,213.0,2023-12-19
1117,107,153,363.0,2023-01-15
1118,1599,491,318.0,2023-01-05
1119,2033,435,327.0,2023-08-18
1120,1978,703,332.0,2023-12-23
1121,757,218,,2023-12-03
1122,173,429,,2023-04-24
1123,1942,502,494.0,2023-01-04
1124,1869,666,22.0,2023-07-03
1125,999,789,453.0,2023-08-01
1126,1355,594,301.0,2023-09-04
1127,722,221,274.0,2023-02-03
1128,1215,435,337.0,2023-10-23
1129,1694,280,189.0,2023-07-15
1130,831,623,23.0,2023-05-07
1131,225,92,-20.0,2023-05-22
1132,1708,524,428.0,2023-05-16
1133,1347,139,-37.0,2023-05-08
1134,1978,667,265.0,2023-11-19
1135,1532,23,17.0,2023-06-23
1136,1985,417,487.0,2023-08-06
1137,1572,976,240.0,2023-04-24
1138,134,732,-27.0,2023-12-16
1139,1061,348,364.0,2023-01-12
1140,93,237,-15.0,2023-09-01
1141,75,765,50.0,2023-02-21
1142,756,934,495.0,2023-07-05
1143,183,183,-12.0,2023-08-21
1144,717,508,160.0,2023-01-02
1145,459,198,121.0,2023-01-01
1146,1723,682,391.0,2023-08-27
1147,1702,123,8.0,2023-02-24
1148,627,925,359.0,2023-08-08
1149,409,546,,2023-04-14
1150,207,381,314.0,2023-12-21
1151,1269,825,316.0,2023-11-20
1152,1357,515,293.0,2023-12-04
1153,673,6,,2023-11-02
1154,1549,304,290.0,2023-10-04
1155,1318,614,472.0,2023-01-10
1156,1013,192,214.0,2023-12-07
1157,2033,376,473.0,2023-04-14
1158,1940,525,-13.0,2023-12-11
1159,748,36,80.0,2023-07-17
1160,273,975,331.0,2023-01-14
1161,379,70,174.0,2023-06-17
1162,626,289,92.0,2023-12-26
1163,664,105,380.0,2023-12-04
1164,1050,716,338.0,2023-01-30
1165,680,313,3.0,2023-01-14
1166,2033,55,-27.0,2023-08-26
1167,733,107,344.0,2023-03-03
1168,1742,653,68.0,2023-04-20
1169,1957,737,134.0,2023-11-05
1170,1878,307,141.0,2023-06-09
1171,1634,860,436.0,2023-11-28
1172,91,821,333.0,2023-02-24
1173,476,36,295.0,2023-09-06
1174,1913,133,422.0,2023-09-13
1175,726,887,-48.0,2023-01-22
1176,1212,25,-1.0,2023-04-13
1177,1593,1019,453.0,2023-10-28
1178,1643,37,160.0,2023-09-21
1179,1978,19,477.0,2023-08-24
1180,1219,35,,2023-11-17
1181,534,363,328.0,2023-08-21
1182,698,418,275.0,2023-06-17
1183,880,822,247.0,2023-08-21
1184,85,430,87.0,2023-01-05
1185,592,518,74.0,2023-02-14
1186,841,467,341.0,2023-02-15
1187,77,897,351.0,2023-06-13
1188,330,199,,2023-06-18
1189,383,546,350.0,2023-12-01
1190,1457,568,311.0,2023-06-13
1191,377,768,15.0,2023-09-13
1192,341,211,377.0,2023-03-07
1193,1201,609,470.0,2023-09-17
1194,1450,794,381.0,2023-03-29
1195,424,501,54.0,2023-08-28
1196,1991,241,38.0,2023-11-07
1197,174,170,-45.0,2023-02-28
1198,406,859,107.0,2023-06-19
1199,82,294,328.0,2023-09-15
1200,21,922,279.0,2023-02-15
1201,691,1019,52.0,2023-01-02
1202,1010,315,172.0,2023-05-09
1203,398,127,351.0,2023-09-26
1204,2033,468,494.0,2023-11-22
1205,225,792,458.0,2023-10-05
1206,1801,367,133.0,2023-01-17
1207,1426,21,36.0,2023-07-06
1208,781,316,329.0,2023-12-08
1209,1787,758,487.0,2023-11-22
1210,1809,90,362.0,2023-04-26
1211,894,404,467.0,2023-09-16
1212,1879,518,244.0,2023-09-06
1213,1945,451,209.0,2023-07-17
1214,438,778,333.0,2023-12-03
1215,1296,908,253.0,2023-08-15
1216,1304,609,265.0,2023-06-26
1217,223,150,26.0,2023-08-31
1218,1611,446,328.0,2023-12-23
1219,1687,957,410.0,2023-02-04
1220,1961,80,5.0,2023-05-15
1221,1895,17,30.0,2023-11-02
1222,509,138,125.0,2023-01-10
1223,1366,652,332.0,2023-07-02
1224,1953,1019,98.0,2023-07-21
1225,617,508,230.0,2023-01-19
1226,1066,552,294.0,2023-01-23
1227,1200,919,358.0,2023-04-05
1228,1269,680,-21.0,2023-03-05
1229,1277,74,371.0,2023-08-08
1230,1298,74,180.0,2023-04-06
1231,959,50,308.0,2023-12-19
1232,1358,10,111.0,2023-09-22
1233,604,103,177.0,2023-06-06
1234,1035,862,,2023-07-26
1235,152,388,22.0,2023-10-01
1236,189,1019,348.0,2023-12-04
1237,960,299,44.0,2023-09-03
1238,676,339,424.0,2023-07-18
1239,638,1019,44.0,2023-10-12
1240,211,990,73.0,2023-03-24
1241,1997,474,449.0,2023-11-13
1242,1121,616,-3.0,2023-05-13
1243,1845,802,44.0,2023-04-15
1244,339,962,426.0,2023-08-25
1245,47,792,-18.0,2023-03-10
1246,820,142,67.0,2023-07-03
1247,1760,809,200.0,2023-04-28
1248,975,170,252.0,2023-06-29
1249,1081,13,71.0,2023-09-28
1250,1099,669,,2023-03-31
1251,1278,449,2.0,2023-03-29
1252,1687,174,75.0,2023-03-24
1253,1595,674,108.0,2023-01-20
1254,837,959,125.0,2023-04-17
1255,2033,132,241.0,2023-11-25
1256,598,540,108.0,2023-12-14
1257,2033,595,440.0,2023-09-29
1258,1170,897,306.0,2023-11-27
1259,839,932,186.0,2023-04-08
1260,1057,875,377.0,2023-08-20
1261,1539,269,,2023-02-26
1262,796,251,264.0,2023-05-29
1263,1281,370,228.0,2023-08-23
1264,1150,618,54.0,2023-05-17
1265,959,773,-9.0,2023-09-24
1266,1137,865,346.0,2023-08-17
1267,815,526,,2023-12-27
1268,1829,592,440.0,2023-11-17
1269,342,888,117.0,2023-10-09
1270,48,506,123.0,2023-07-21
1271,364,672,321.0,2023-08-20
1272,1811,178,99.0,2023-01-19
1273,1422,667,198.0,2023-01-16
1274,1219,547,129.0,2023-02-25
1275,1875,259,69.0,2023-12-23
1276,1761,260,-23.0,2023-04-24
1277,725,135,66.0,2023-03-09
1278,1345,461,211.0,2023-03-19
1279,1818,489,-13.0,2023-01-30
1280,138,643,146.0,2023-01-07
1281,355,81,474.0,2023-06-01
1282,1869,367,386.0,2023-12-29
1283,1094,59,359.0,2023-01-22
1284,811,74,282.0,2023-01-30
1285,1606,239,480.0,2023-06-16
1286,1507,129,414.0,2023-05-28
1287,1744,412,107.0,2023-02-18
1288,712,315,109.0,2023-11-21
1289,59,374,283.0,2023-10-25
1290,771,437,325.0,2023-09-19
1291,389,138,28.0,2023-06-30
1292,1877,455,146.0,2023-10-17
1293,1375,615,69.0,2023-05-02
1294,846,899,175.0,2023-05-04
1295,869,903,359.0,2023-09-23
1296,339,9,487.0,2023-01-28
1297,1701,232,,2023-09-16
1298,757,611,486.0,2023-03-18
1299,596,730,169.0,2023-07-13
1300,436,965,242.0,2023-02-04
1301,1474,397,153.0,2023-04-24
1302,377,749,463.0,2023-03-03
1303,1983,734,151.0,2023-02-21
1304,391,680,-19.0,2023-04-26
1305,481,882,38.0,2023-02-16
1306,821,574,151.0,2023-04-11
1307,114,318,242.0,2023-10-06
1308,1770,999,64.0,2023-04-17
1309,774,507,171.0,2023-02-04
1310,1927,522,131.0,2023-12-25
1311,172,746,418.0,2023-10-15
1312,18,87,375.0,2023-01-02
1313,235,779,9.0,2023-08-27
1314,1334,716,434.0,2023-09-29
1315,1919,318,-40.0,2023-05-24
1316,2033,333,334.0,2023-04-02
1317,723,360,359.0,2023-08-09
1318,281,241,-9.0,2023-02-23
1319,831,56,72.0,2023-08-16
1320,1220,110,201.0,2023-02-02
1321,1139,49,433.0,2023-08-02
1322,1421,755,162.0,2023-05-16
1323,1696,16,217.0,2023-09-05
1324,1691,1019,489.0,2023-02-22
1325,1587,884,84.0,2023-03-05
1326,2033,202,447.0,2023-11-10
1327,284,93,75.0,2023-02-06
1328,585,649,308.0,2023-07-31
1329,1352,1019,452.0,2023-01-12
1330,1365,600,267.0,2023-03-25
1331,622,419,-39.0,2023-04-04
1332,1822,203,426.0,2023-12-08
1333,221,551,243.0,2023-07-26
1334,9,626,389.0,2023-02-07
1335,2033,845,465.0,2023-12-14
1336,1106,759,340.0,2023-07-22
1337,832,855,265.0,2023-09-27
1338,1318,921,-43.0,2023-03-16
1339,2033,882,457.0,2023-05-08
1340,534,720,73.0,2023-11-25
1341,1439,312,321.0,2023-06-01
1342,1123,944,263.0,2023-01-10
1343,1706,469,134.0,2023-02-07
1344,702,394,496.0,2023-04-15
1345,1642,809,474.0,2023-06-14
1346,832,872,-12.0,2023-02-01
1347,1994,211,33.0,2023-07-31
1348,777,867,-30.0,2023-01-14
1349,1406,571,202.0,2023-08-18
1350,1887,156,252.0,2023-05-12
1351,940,634,207.0,2023-06-01
1352,1528,632,491.0,2023-04-06
1353,447,809,410.0,2023-01-10
1354,680,322,173.0,2023-12-29
1355,344,435,41.0,2023-01-16
1356,425,574,229.0,2023-06-16
1357,625,1019,119.0,2023-04-06
1358,1864,40,197.0,2023-01-18
1359,306,754,310.0,2023-01-07
1360,148,40,298.0,2023-07-03
1361,849,453,384.0,2023-09-02
1362,732,870,355.0,2023-03-23
1363,454,190,27.0,2023-05-11
1364,938,746,407.0,2023-05-09
1365,33,15,341.0,2023-10-16
1366,1756,124,-37.0,2023-03-15
1367,1525,740,-6.0,2023-12-30
1368,1343,899,-13.0,2023-02-28
1369,1721,280,365.0,2023-03-13
1370,1217,937,194.0,2023-06-09
1371,1897,959,11.0,2023-03-28
1372,1204,48,442.0,2023-01-17
1373,1891,189,272.0,2023-03-30
1374,984,304,201.0,2023-05-29
1375,1542,559,417.0,2023-11-07
1376,391,696,10.0,2023-01-06
1377,1545,105,68.0,2023-03-25
1378,357,369,36.0,2023-03-25
1379,573,501,29.0,2023-09-07
1380,464,460,,2023-06-03
1381,930,247,432.0,2023-03-13
1382,1699,264,259.0,2023-04-19
1383,99,206,434.0,2023-04-22
1384,148,507,-26.0,2023-06-21
1385,570,530,151.0,2023-07-06
1386,727,364,174.0,2023-10-12
1387,1340,763,459.0,2023-09-30
1388,1002,750,469.0,2023-01-18
1389,1206,340,132.0,2023-06-17
1390,1571,407,26.0,2023-11-15
1391,303,453,375.0,2023-03-23
1392,1582,833,16.0,2023-03-16
1393,1623,877,443.0,2023-12-01
1394,4,814,,2023-12-12
1395,778,578,26.0,2023-09-06
1396,107,848,4.0,2023-05-11
1397,75,965,422.0,2023-12-21
1398,1064,150,196.0,2023-07-20
1399,639,193,388.0,2023-12-29
1400,695,908,263.0,2023-10-23
1401,1143,147,269.0,2023-03-09
1402,73,406,169.0,2023-01-20
1403,552,183,320.0,2023-09-28
1404,1228,106,165.0,2023-04-03
1405,977,236,-2.0,2023-05-13
1406,96,638,412.0,2023-10-22
1407,1303,958,67.0,2023-10-23
1408,1167,179,31.0,2023-05-15
1409,1139,432,212.0,2023-12-18
1410,1500,401,445.0,2023-12-22
1411,884,525,125.0,2023-02-02
1412,1157,743,38.0,2023-10-20
1413,1192,540,308.0,2023-02-01
1414,1938,891,235.0,2023-02-12
1415,1269,323,246.0,2023-10-19
1416,277,261,209.0,2023-12-20
1417,1999,612,424.0,2023-11-01
1418,259,700,485.0,2023-10-08
1419,46,399,-14.0,2023-04-18
1420,346,337,130.0,2023-04-06
1421,847,300,-26.0,2023-03-07
1422,895,119,298.0,2023-01-09
1423,1261,1019,,2023-08-18
1424,1077,413,176.0,2023-08-09
1425,1172,580,297.0,2023-12-24
1426,1723,384,-13.0,2023-10-05
1427,1557,480,332.0,2023-04-09
1428,1114,305,185.0,2023-09-28
1429,233,683,130.0,2023-09-20
1430,1751,870,63.0,2023-12-28
1431,2033,196,255.0,2023-06-13
1432,51,333,81.0,2023-01-16
1433,665,20,297.0,2023-06-18
1434,1860,623,129.0,2023-01-21
1435,1652,658,364.0,2023-01-28
1436,1418,704,334.0,2023-11-26
1437,1238,433,461.0,2023-03-24
1438,451,883,-8.0,2023-09-30
1439,1363,426,429.0,2023-11-17
1440,351,229,67.0,2023-02-05
1441,649,524,,2023-11-10
1442,1309,217,137.0,2023-10-03
1443,1957,990,402.0,2023-08-21
1444,878,591,136.0,2023-04-14
1445,583,375,413.0,2023-01-06
1446,245,36,113.0,2023-01-23
1447,550,776,373.0,2023-06-19
1448,728,28,51.0,2023-06-01
1449,639,372,216.0,2023-09-01
1450,584,86,102.0,2023-08-29
1451,226,188,378.0,2023-09-18
1452,827,305,376.0,2023-02-15
1453,441,766,485.0,2023-09-30
1454,1498,422,282.0,2023-03-16
1455,1468,80,389.0,2023-10-10
1456,1820,186,73.0,2023-07-15
1457,412,5,251.0,2023-01-23
1458,814,558,298.0,2023-03-28
1459,246,866,198.0,2023-05-01
1460,583,497,220.0,2023-05-29
1461,1731,509,378.0,2023-05-30
1462,500,614,196.0,2023-03-06
1463,982,971,,2023-06-09
1464,1975,2,47.0,2023-10-11
1465,550,217,278.0,2023-03-23
1466,117,537,374.0,2023-01-07
1467,1774,257,373.0,2023-07-01
1468,1388,735,-46.0,2023-12-24
1469,1938,453,408.0,2023-01-14
1470,204,1019,447.0,2023-07-02
1471,351,1019,36.0,2023-11-10
1472,319,499,,2023-02-13
1473,1383,581,242.0,2023-06-23
1474,1541,197,230.0,2023-01-14
1475,940,504,146.0,2023-10-27
1476,489,272,32.0,2023-03-14
1477,1693,694,-24.0,2023-08-11
1478,107,959,84.0,2023-01-02
1479,1764,18,39.0,2023-07-29
1480,654,107,155.0,2023-09-18
1481,1850,529,-24.0,2023-03-31
1482,172,125,327.0,2023-12-09
1483,1682,483,364.0,2023-11-30
1484,519,594,176.0,2023-09-09
1485,1879,4,17.0,2023-11-29
1486,1889,627,311.0,2023-12-21
1487,958,351,209.0,2023-02-16
1488,813,351,12.0,2023-12-01
1489,528,649,341.0,2023-06-12
1490,320,799,195.0,2023-04-26
1491,1061,901,227.0,2023-03-20
1492,499,228,296.0,2023-01-08
1493,1689,16,321.0,2023-01-23
1494,265,810,72.0,2023-09-26
1495,1719,425,6.0,2023-10-06
1496,1692,464,109.0,2023-01-31
1497,1673,724,,2023-06-19
1498,908,246,,2023-05-10
1499,402,798,467.0,2023-06-06
1500,987,794,214.0,2023-01-22
1501,602,177,237.0,2023-05-06
1502,952,543,369.0,2023-06-18
1503,218,1019,477.0,2023-06-15
1504,330,562,89.0,2023-06-06
1505,186,655,424.0,2023-11-26
1506,1405,564,478.0,2023-01-22
1507,209,233,338.0,2023-09-21
1508,1587,678,460.0,2023-10-30
1509,288,38,487.0,2023-09-20
1510,88,491,162.0,2023-07-31
1511,1003,444,462.0,2023-06-13
1512,1968,20,214.0,2023-05-16
1513,136,611,292.0,2023-09-09
1514,158,727,-13.0,2023-07-24
1515,2033,556,182.0,2023-12-10
1516,920,111,209.0,2023-10-29
1517,155,487,257.0,2023-08-30
1518,1487,89,352.0,2023-11-16
1519,220,319,210.0,2023-10-06
1520,1483,118,425.0,2023-03-02
1521,1191,434,55.0,2023-11-02
1522,322,918,196.0,2023-10-29
1523,691,239,253.0,2023-10-26
1524,841,72,292.0,2023-04-05
1525,1586,822,396.0,2023-05-28
1526,1837,905,-13.0,2023-09-16
1527,512,399,,2023-01-30
1528,87,816,169.0,2023-01-18
1529,1569,404,205.0,2023-07-06
1530,275,675,86.0,2023-07-31
1531,141,251,180.0,2023-02-04
1532,1742,869,-13.0,2023-05-27
1533,1760,195,104.0,2023-10-09
1534,625,572,452.0,2023-02-04
1535,1814,610,54.0,2023-03-17
1536,916,930,,2023-03-13
1537,353,868,353.0,2023-09-06
1538,1029,867,437.0,2023-02-26
1539,382,585,407.0,2023-12-23
1540,1748,222,477.0,2023-11-01
1541,1792,631,474.0,2023-01-10
1542,1358,182,319.0,2023-08-01
1543,475,896,51.0,2023-12-27
1544,928,730,490.0,2023-08-25
1545,30,256,461.0,2023-08-22
1546,1371,908,338.0,2023-08-11
1547,922,88,312.0,2023-04-14
1548,594,873,64.0,2023-11-23
1549,493,787,292.0,2023-04-08
1550,1772,492,23.0,2023-08-14
1551,495,336,84.0,2023-08-10
1552,1880,538,329.0,2023-11-20
1553,388,407,439.0,2023-11-30
1554,873,633,74.0,2023-10-07
1555,835,289,-13.0,2023-02-12
1556,1277,362,259.0,2023-12-17
1557,630,441,55.0,2023-12-14
1558,2033,1019,174.0,2023-06-02
1559,30,919,191.0,2023-12-05
1560,623,714,346.0,2023-10-17
1561,1936,1019,102.0,2023-08-12
1562,1790,548,485.0,2023-04-29
1563,1735,637,351.0,2023-08-02
1564,807,223,95.0,2023-02-22
1565,342,747,140.0,2023-08-08
1566,1833,124,150.0,2023-08-31
1567,1311,982,-39.0,2023-02-22
1568,1969,683,1.0,2023-04-27
1569,1421,998,251.0,2023-11-27
1570,1001,962,249.0,2023-02-11
1571,1533,693,470.0,2023-09-04
1572,1961,215,89.0,2023-10-18
1573,244,118,49.0,2023-09-05
1574,221,227,434.0,2023-04-11
1575,1180,891,86.0,2023-03-28
1576,1407,444,315.0,2023-12-19
1577,1772,549,483.0,2023-03-25
1578,1344,829,456.0,2023-09-18
1579,373,608,110.0,2023-08-09
1580,531,632,124.0,2023-06-03
1581,215,437,37.0,2023-02-20
1582,367,12,348.0,2023-02-07
1583,114,122,429.0,2023-09-16
1584,1224,547,494.0,2023-07-06
1585,25,489,426.0,2023-01-13
1586,934,251,232.0,2023-08-11
1587,1145,579,401.0,2023-03-28
1588,1766,482,31.0,2023-09-16
1589,611,550,162.0,2023-06-30
1590,858,280,469.0,2023-11-07
1591,1027,742,83.0,2023-06-22
1592,2033,337,396.0,2023-11-18
1593,773,168,67.0,2023-07-14
1594,445,961,192.0,2023-12-06
1595,1278,953,99.0,2023-09-02
1596,20,328,482.0,2023-11-25
1597,1228,246,328.0,2023-07-15
1598,806,591,474.0,2023-03-03
1599,2000,626,462.0,2023-01-25
1600,1381,301,66.0,2023-02-21
1601,128,729,266.0,2023-02-19
1602,358,200,-39.0,2023-10-22
1603,1316,893,39.0,2023-02-21
1604,1198,500,337.0,2023-11-28
1605,1757,864,32.0,2023-02-09
1606,1379,754,345.0,2023-08-20
1607,881,13,494.0,2023-03-01
1608,1061,366,,2023-08-04
1609,1334,719,,2023-12-06
1610,1685,774,277.0,2023-07-16
1611,917,97,23.0,2023-10-03
1612,1628,71,45.0,2023-12-07
1613,1606,993,41.0,2023-01-02
1614,1108,815,279.0,2023-04-16
1615,510,861,124.0,2023-08-04
1616,444,742,264.0,2023-09-22
1617,1444,357,446.0,2023-06-16
1618,1229,812,218.0,2023-09-04
1619,1512,544,377.0,2023-07-29
1620,779,250,-16.0,2023-02-27
1621,1112,254,68.0,2023-02-12
1622,252,771,320.0,2023-05-18
1623,1747,182,400.0,2023-04-19
1624,1879,852,,2023-02-17
1625,1055,974,306.0,2023-05-06
1626,1893,988,325.0,2023-08-02
1627,421,166,54.0,2023-05-08
1628,1852,4,339.0,2023-07-17
1629,61,463,125.0,2023-07-21
1630,579,1019,55.0,2023-07-11
1631,1250,1019,112.0,2023-04-17
1632,1949,344,216.0,2023-07-13
1633,1987,998,228.0,2023-11-23
1634,1359,874,252.0,2023-08-26
1635,1863,105,76.0,2023-05-12
1636,579,548,195.0,2023-12-23
1637,640,314,183.0,2023-03-24
1638,111,169,388.0,2023-10-11
1639,491,520,86.0,2023-08-10
1640,1296,963,98.0,2023-04-16
1641,1837,926,5.0,2023-10-21
1642,34,598,305.0,2023-03-07
1643,212,436,206.0,2023-07-14
1644,1324,609,12.0,2023-07-07
1645,1397,512,12.0,2023-02-16
1646,125,409,-22.0,2023-12-28
1647,1127,436,249.0,2023-12-25
1648,1742,315,164.0,2023-01-25
1649,1144,542,90.0,2023-03-07
1650,1706,613,456.0,2023-12-01
1651,1571,579,448.0,2023-03-08
1652,894,900,451.0,2023-07-16
1653,331,861,140.0,2023-09-03
1654,1782,953,,2023-10-23
1655,1876,63,,2023-04-10
1656,1950,32,445.0,2023-06-27
1657,1333,599,226.0,2023-04-25
1658,1594,211,,2023-06-17
1659,412,463,165.0,2023-04-29
1660,1423,563,,2023-06-14
1661,934,575,272.0,2023-08-07
1662,1330,80,370.0,2023-07-16
1663,1677,343,174.0,2023-11-14
1664,1647,232,236.0,2023-08-25
1665,1187,878,-5.0,2023-06-18
1666,1647,613,-37.0,2023-03-17
1667,664,129,324.0,2023-10-14
1668,1912,19,282.0,2023-02-02
1669,1089,357,,2023-10-26
1670,1642,419,456.0,2023-12-15
1671,1240,959,66.0,2023-08-18
1672,603,606,388.0,2023-07-14
1673,1938,81,253.0,2023-10-21
1674,1978,615,406.0,2023-10-24
1675,26,881,220.0,2023-10-05
1676,669,666,165.0,2023-08-18
1677,584,781,62.0,2023-04-06
1678,1068,118,-35.0,2023-06-20
1679,1114,854,165.0,2023-11-13
1680,1157,494,,2023-11-26
1681,1185,791,84.0,2023-02-01
1682,1768,492,-8.0,2023-02-14
1683,380,875,233.0,2023-03-13
1684,1285,225,47.0,2023-01-20
1685,1407,987,9.0,2023-08-27
1686,369,419,179.0,2023-07-18
1687,1135,780,334.0,2023-03-06
1688,1700,137,108.0,2023-07-07
1689,1101,226,420.0,2023-03-30
1690,209,334,157.0,2023-07-20
1691,1037,229,123.0,2023-01-23
1692,1945,323,30.0,2023-10-23
1693,1594,108,-33.0,2023-05-10
1694,1922,812,240.0,2023-06-03
1695,1880,445,309.0,2023-03-19
1696,1572,917,228.0,2023-07-09
1697,25,7,346.0,2023-10-27
1698,546,128,91.0,2023-06-03
1699,1164,353,466.0,2023-04-23
1700,275,995,200.0,2023-12-05
1701,1394,267,489.0,2023-04-27
1702,874,685,186.0,2023-01-05
1703,222,928,81.0,2023-11-22
1704,1061,214,255.0,2023-02-04
1705,875,247,307.0,2023-09-29
1706,1153,618,234.0,2023-06-08
1707,1340,595,242.0,2023-07-29
1708,1347,804,112.0,2023-01-14
1709,1457,374,368.0,2023-01-25
1710,218,421,417.0,2023-12-01
1711,1871,715,456.0,2023-08-06
1712,2033,41,427.0,2023-09-11
1713,1272,1019,311.0,2023-07-22
1714,111,348,261.0,2023-04-11
1715,816,561,194.0,2023-12-27
1716,1756,143,426.0,2023-08-17
1717,708,141,385.0,2023-07-18
1718,147,565,199.0,2023-06-27
1719,1368,107,-29.0,2023-10-03
1720,1533,33,426.0,2023-11-08
1721,1529,200,460.0,2023-05-10
1722,552,119,285.0,2023-10-06
1723,134,800,291.0,2023-10-15
1724,464,229,287.0,2023-05-21
1725,864,630,429.0,2023-01-13
1726,1215,688,-9.0,2023-08-05
1727,1187,964,,2023-07-05
1728,456,185,-29.0,2023-01-27
1729,1085,830,169.0,2023-08-06
1730,1029,850,28.0,2023-01-14
1731,1061,215,184.0,2023-05-22
1732,460,733,106.0,2023-11-21
1733,1241,130,276.0,2023-11-20
1734,1761,845,63.0,2023-02-24
1735,1752,272,224.0,2023-07-10
1736,139,758,330.0,2023-10-12
1737,618,635,-31.0,2023-03-30
1738,1123,8,158.0,2023-02-14
1739,680,403,109.0,2023-05-12
1740,961,928,-13.0,2023-03-07
1741,1288,579,67.0,2023-10-06
1742,599,627,339.0,2023-11-20
1743,596,369,326.0,2023-05-28
1744,1248,800,,2023-05-25
1745,11,617,-9.0,2023-01-06
1746,327,981,419.0,2023-03-23
1747,1722,537,407.0,2023-05-03
1748,1374,53,79.0,2023-06-16
1749,379,247,-23.0,2023-08-25
1750,1968,337,275.0,2023-04-15
1751,231,281,458.0,2023-10-17
1752,1165,33,274.0,2023-08-26
1753,618,799,109.0,2023-11-06
1754,765,548,465.0,2023-03-23
1755,1980,343,203.0,2023-04-04
1756,49,891,197.0,2023-11-17
1757,451,239,302.0,2023-12-09
1758,1799,492,347.0,2023-10-12
1759,491,729,152.0,2023-10-24
1760,1229,177,251.0,2023-12-27
1761,1893,44,97.0,2023-11-15
1762,1433,304,170.0,2023-03-07
1763,407,670,212.0,2023-04-22
1764,1075,269,245.0,2023-12-22
1765,175,683,264.0,2023-06-20
1766,1761,733,241.0,2023-09-04
1767,1285,400,-20.0,2023-03-07
1768,480,742,-7.0,2023-03-09
1769,1758,603,83.0,2023-02-03
1770,223,922,298.0,2023-01-01
1771,269,971,168.0,2023-05-31
1772,810,431,399.0,2023-09-29
1773,893,421,453.0,2023-09-15
1774,901,131,35.0,2023-08-26
1775,919,410,200.0,2023-04-26
1776,318,738,214.0,2023-03-17
1777,385,225,472.0,2023-10-10
1778,1610,143,29.0,2023-01-19
1779,626,578,410.0,2023-10-11
1780,1243,540,201.0,2023-02-04
1781,1078,125,-33.0,2023-11-20
1782,1224,212,205.0,2023-11-01
1783,1908,934,194.0,2023-08-29
1784,643,428,102.0,2023-01-07
1785,1363,437,449.0,2023-02-06
1786,704,592,407.0,2023-06-02
1787,1715,238,491.0,2023-09-02
1788,1922,644,64.0,2023-09-07
1789,305,328,396.0,2023-04-25
1790,1823,812,302.0,2023-02-10
1791,1776,119,490.0,2023-12-03
1792,1269,46,271.0,2023-03-03
1793,842,84,408.0,2023-06-18
1794,1653,794,175.0,2023-05-22
1795,1232,352,310.0,2023-09-15
1796,1748,13,480.0,2023-03-29
1797,511,637,61.0,2023-02-17
1798,1283,837,161.0,2023-11-07
1799,1404,172,182.0,2023-01-12
1800,163,234,108.0,2023-07-30
1801,738,181,273.0,2023-09-01
1802,341,51,42.0,2023-08-27
1803,932,781,197.0,2023-07-16
1804,1600,681,90.0,2023-09-14
1805,1952,395,,2023-08-23
1806,1782,933,353.0,2023-07-06
1807,530,828,363.0,2023-07-20
1808,34,800,389.0,2023-04-13
1809,1848,429,182.0,2023-10-17
1810,998,274,142.0,2023-08-09
1811,323,861,48.0,2023-10-29
1812,1205,207,62.0,2023-07-06
1813,1987,148,485.0,2023-04-09
1814,347,300,230.0,2023-09-02
1815,1730,932,472.0,2023-11-09
1816,1216,453,299.0,2023-11-03
1817,1603,1000,265.0,2023-01-22
1818,721,549,449.0,2023-03-09
1819,1902,673,486.0,2023-11-12
1820,1703,978,385.0,2023-03-06
1821,1270,383,472.0,2023-10-19
1822,245,787,393.0,2023-08-05
1823,678,947,157.0,2023-01-29
1824,1832,800,225.0,2023-07-12
1825,915,618,446.0,2023-02-25
1826,723,534,246.0,2023-12-04
1827,1004,233,323.0,2023-07-31
1828,2033,634,133.0,2023-08-26
1829,1221,129,-19.0,2023-07-19
1830,910,822,232.0,2023-06-27
1831,1371,729,381.0,2023-06-02
1832,49,660,468.0,2023-02-13
1833,1088,570,411.0,2023-06-17
1834,1648,931,,2023-10-14
1835,1892,237,201.0,2023-07-16
1836,1721,582,115.0,2023-12-03
1837,1128,1019,,2023-03-15
1838,1955,701,320.0,2023-06-20
1839,213,754,52.0,2023-07-02
1840,1541,575,75.0,2023-01-16
1841,119,485,-13.0,2023-03-09
1842,856,241,297.0,2023-11-21
1843,761,957,162.0,2023-02-11
1844,679,697,268.0,2023-04-20
1845,895,771,375.0,2023-02-10
1846,1266,741,196.0,2023-11-02
1847,280,223,235.0,2023-01-06
1848,424,99,180.0,2023-11-27
1849,363,759,269.0,2023-06-30
1850,1021,557,461.0,2023-09-30
1851,1774,911,470.0,2023-12-27
1852,1330,273,,2023-07-04
1853,1741,399,455.0,2023-11-19
1854,1510,517,56.0,2023-05-24
1855,314,982,280.0,2023-04-10
1856,1537,430,-46.0,2023-03-31
1857,1707,523,417.0,2023-09-03
1858,1191,960,465.0,2023-08-27
1859,1418,1019,112.0,2023-07-31
1860,770,910,480.0,2023-03-22
1861,1087,1019,31.0,2023-04-25
1862,272,1019,430.0,2023-10-03
1863,1061,951,465.0,2023-03-21
1864,1040,42,136.0,2023-02-25
1865,1790,715,95.0,2023-06-28
1866,343,94,101.0,2023-11-05
1867,346,486,312.0,2023-02-18
1868,1872,517,42.0,2023-09-17
1869,1563,564,-20.0,2023-10-01
1870,1983,150,489.0,2023-10-19
1871,1647,717,-2.0,2023-10-18
1872,233,812,207.0,2023-01-30
1873,990,499,467.0,2023-09-09
1874,576,371,490.0,2023-03-04
1875,1633,981,359.0,2023-03-23
1876,416,699,105.0,2023-11-21
1877,905,1019,495.0,2023-06-18
1878,267,665,389.0,2023-11-06
1879,997,383,186.0,2023-12-09
1880,1350,628,317.0,2023-06-07
1881,1950,661,6.0,2023-02-25
1882,744,732,124.0,2023-12-01
1883,911,192,163.0,2023-05-22
1884,443,745,-24.0,2023-05-29
1885,560,836,68.0,2023-08-14
1886,1886,221,96.0,2023-01-25
1887,1746,47,,2023-06-27
1888,76,127,352.0,2023-12-31
1889,247,803,207.0,2023-04-05
1890,1852,727,138.0,2023-02-22
1891,580,7,448.0,2023-10-31
1892,313,696,188.0,2023-03-11
1893,576,116,276.0,2023-06-25
1894,1718,564,19.0,2023-05-12
1895,1616,366,-26.0,2023-12-05
1896,343,46,105.0,2023-12-04
1897,715,393,168.0,2023-12-26
1898,1206,954,328.0,2023-11-27
1899,1979,23,143.0,2023-08-01
1900,984,131,-11.0,2023-07-30
1901,726,1019,,2023-12-11
1902,1959,445,452.0,2023-03-05
1903,632,777,399.0,2023-02-04
1904,399,309,285.0,2023-01-12
1905,1265,708,,2023-12-12
1906,1871,433,466.0,2023-11-07
1907,714,473,446.0,2023-09-05
1908,924,966,175.0,2023-04-22
1909,292,48,99.0,2023-11-21
1910,54,891,187.0,2023-04-01
1911,1169,82,52.0,2023-10-21
1912,1380,109,124.0,2023-01-29
1913,1622,263,410.0,2023-01-12
1914,983,867,-17.0,2023-05-27
1915,477,31,467.0,2023-05-17
1916,22,358,,2023-12-04
1917,1355,568,234.0,2023-06-06
1918,1316,480,174.0,2023-09-16
1919,1260,867,206.0,2023-03-28
1920,1053,189,8.0,2023-06-07
1921,695,988,195.0,2023-07-05
1922,1962,5,468.0,2023-12-10
1923,160,286,163.0,2023-11-05
1924,910,790,165.0,2023-12-23
1925,530,657,352.0,2023-08-17
1926,1574,1019,232.0,2023-01-04
1927,101,455,164.0,2023-02-26
1928,1314,708,331.0,2023-01-28
1929,1401,426,-6.0,2023-01-16
1930,1197,27,121.0,2023-01-13
1931,343,127,170.0,2023-07-19
1932,1952,135,334.0,2023-07-03
1933,1902,535,44.0,2023-11-05
1934,579,331,-7.0,2023-10-31
1935,1215,629,177.0,2023-10-08
1936,1463,392,266.0,2023-11-18
1937,1579,8,284.0,2023-06-07
1938,1659,613,416.0,2023-12-26
1939,790,261,246.0,2023-09-16
1940,1367,199,494.0,2023-06-06
1941,1732,598,438.0,2023-04-04
1942,845,740,164.0,2023-09-24
1943,125,386,473.0,2023-01-21
1944,1632,472,-49.0,2023-05-07
1945,890,179,156.0,2023-12-13
1946,669,450,290.0,2023-12-17
1947,1576,240,,2023-12-16
1948,1384,1019,255.0,2023-04-22
1949,503,815,456.0,2023-08-22
1950,173,746,418.0,2023-02-03
1951,887,183,444.0,2023-03-21
1952,2033,794,210.0,2023-03-24
1953,1485,358,313.0,2023-01-29
1954,1709,376,463.0,2023-05-11
1955,120,941,490.0,2023-01-11
1956,273,702,404.0,2023-03-03
1957,1382,838,93.0,2023-12-25
1958,1410,727,141.0,2023-02-02
1959,913,770,302.0,2023-05-16
1960,876,538,248.0,2023-03-29
1961,858,782,409.0,2023-01-17
1962,1911,82,376.0,2023-04-01
1963,1958,358,-20.0,2023-10-26
1964,1957,185,281.0,2023-09-10
1965,1343,288,360.0,2023-03-14
1966,261,62,1.0,2023-07-25
1967,1305,883,333.0,2023-09-18
1968,1353,507,192.0,2023-06-27
1969,1148,462,366.0,2023-11-08
1970,2033,30,424.0,2023-11-09
1971,278,909,341.0,2023-08-08
1972,93,936,338.0,2023-06-22
1973,959,31,418.0,2023-06-14
1974,1571,293,357.0,2023-11-24
1975,823,173,468.0,2023-12-01
1976,128,614,,2023-08-08
1977,532,128,300.0,2023-10-19
1978,773,86,232.0,2023-06-10
1979,167,315,106.0,2023-09-05
1980,831,28,97.0,2023-03-12
1981,236,122,19.0,2023-04-02
1982,1056,251,319.0,2023-12-27
1983,1255,573,464.0,2023-11-17
1984,191,403,183.0,2023-09-02
1985,1866,683,416.0,2023-01-24
1986,1960,443,236.0,2023-02-14
1987,657,272,243.0,2023-07-08
1988,613,837,430.0,2023-10-13
1989,1615,812,83.0,2023-11-17
1990,1532,113,-43.0,2023-12-07
1991,1481,706,-23.0,2023-03-24
1992,1696,394,469.0,2023-08-10
1993,255,943,259.0,2023-12-18
1994,1303,19,490.0,2023-12-09
1995,1995,852,443.0,2023-08-07
1996,1724,605,-17.0,2023-08-06
1997,973,729,,2023-07-09
1998,1746,465,-11.0,2023-03-08
1999,1777,691,279.0,2023-01-31
2000,1080,909,11.0,2023-11-18
