ShipmentItemID,ShipmentID,InventoryID,QuantityShipped
1,659,1426,7.0
2,1365,1541,18.0
3,2353,1878,-1.0
4,368,621,2.0
5,572,829,8.0
6,775,257,-4.0
7,810,64,13.0
8,2233,731,-2.0
9,784,142,-4.0
10,1651,1321,-2.0
11,1446,766,0.0
12,300,1097,17.0
13,1280,964,16.0
14,2282,693,17.0
15,2291,1753,12.0
16,670,415,-5.0
17,1412,1146,7.0
18,350,1339,9.0
19,2339,736,3.0
20,1531,450,17.0
21,1669,752,-4.0
22,1358,805,8.0
23,1449,756,17.0
24,1896,1586,-2.0
25,1820,1218,13.0
26,138,526,14.0
27,2166,1423,-1.0
28,637,281,3.0
29,1204,1482,14.0
30,222,1372,19.0
31,1394,1776,14.0
32,160,520,11.0
33,1228,1722,10.0
34,528,378,11.0
35,617,1784,14.0
36,2000,1464,14.0
37,1681,501,1.0
38,215,910,-5.0
39,2474,84,
40,1942,1066,15.0
41,690,1293,18.0
42,1557,1555,18.0
43,738,34,17.0
44,773,474,14.0
45,1510,1893,17.0
46,1588,1198,11.0
47,1439,1752,9.0
48,1455,1397,0.0
49,1976,823,7.0
50,2460,960,17.0
51,143,506,6.0
52,1330,185,-3.0
53,417,200,2.0
54,1564,1984,18.0
55,814,1633,18.0
56,1512,1157,10.0
57,1787,985,9.0
58,1649,1067,15.0
59,1118,104,1.0
60,455,1041,10.0
61,1681,1113,15.0
62,78,1514,18.0
63,647,1710,19.0
64,1103,161,5.0
65,840,837,-2.0
66,248,1807,10.0
67,1151,1578,-2.0
68,2089,911,17.0
69,1939,1985,17.0
70,1726,703,5.0
71,904,1080,18.0
72,414,683,10.0
73,676,1618,
74,2130,1990,1.0
75,1410,802,
76,1710,1218,0.0
77,333,1489,16.0
78,2344,1910,4.0
79,441,69,13.0
80,712,1044,14.0
81,495,1678,9.0
82,1958,1228,-2.0
83,529,1860,19.0
84,1611,297,0.0
85,1818,1211,13.0
86,2243,50,14.0
87,153,202,16.0
88,344,423,6.0
89,1781,1182,0.0
90,116,165,
91,942,1327,-1.0
92,104,1150,8.0
93,2296,1754,8.0
94,987,1965,11.0
95,946,1006,16.0
96,364,313,-2.0
97,1865,900,2.0
98,1410,262,-5.0
99,888,911,6.0
100,1173,621,7.0
101,1227,941,15.0
102,2024,594,14.0
103,965,849,-1.0
104,1814,444,19.0
105,2059,481,1.0
106,1285,612,-3.0
107,2273,1643,13.0
108,1296,857,1.0
109,2094,627,11.0
110,408,1948,7.0
111,14,333,18.0
112,536,288,13.0
113,365,1968,7.0
114,254,1427,2.0
115,1431,31,2.0
116,1798,1743,7.0
117,1783,956,-4.0
118,489,1580,
119,201,407,7.0
120,105,1512,11.0
121,228,27,0.0
122,2030,502,
123,1723,641,19.0
124,453,1174,-5.0
125,1706,1928,9.0
126,1211,1349,2.0
127,1955,280,17.0
128,553,1660,6.0
129,83,1313,1.0
130,833,1932,10.0
131,2390,772,2.0
132,147,576,3.0
133,986,1743,2.0
134,2383,828,0.0
135,1792,905,-5.0
136,2271,1578,10.0
137,606,1845,
138,248,1997,7.0
139,464,202,5.0
140,2472,572,17.0
141,1292,1386,5.0
142,860,1934,13.0
143,1606,1331,13.0
144,682,1011,5.0
145,398,377,19.0
146,2309,65,9.0
147,1444,1947,4.0
148,1467,534,14.0
149,441,278,10.0
150,1852,1498,-3.0
151,991,1472,-4.0
152,590,1407,15.0
153,992,1048,19.0
154,2011,1566,8.0
155,1729,40,9.0
156,308,1105,18.0
157,144,1943,2.0
158,330,650,-5.0
159,1905,1825,19.0
160,784,1608,18.0
161,990,773,8.0
162,2355,1506,8.0
163,1895,243,13.0
164,2052,667,2.0
165,1410,1342,3.0
166,505,1759,9.0
167,186,1945,6.0
168,1086,1474,12.0
169,1305,1556,-5.0
170,1659,119,9.0
171,1858,632,-5.0
172,870,1835,-5.0
173,2410,1603,15.0
174,2231,1722,-4.0
175,1006,506,-2.0
176,2179,425,11.0
177,1966,232,-4.0
178,1693,576,1.0
179,2234,870,19.0
180,790,1326,16.0
181,1998,444,4.0
182,1686,744,
183,2016,911,
184,2212,1563,-1.0
185,711,1210,1.0
186,599,152,19.0
187,1203,1955,8.0
188,1670,2013,12.0
189,665,520,16.0
190,53,1916,13.0
191,1778,1238,14.0
192,1311,1680,15.0
193,1407,1990,15.0
194,579,1511,4.0
195,1361,1981,2.0
196,1207,1901,
197,2279,2013,-4.0
198,2437,1722,8.0
199,2441,413,-4.0
200,1309,1791,6.0
201,1187,1343,11.0
202,1128,1690,12.0
203,2020,905,11.0
204,2354,1427,
205,1295,1863,-3.0
206,1565,624,15.0
207,409,1817,
208,1099,536,17.0
209,1509,1063,5.0
210,1337,687,12.0
211,112,1725,15.0
212,1272,613,-3.0
213,1843,738,12.0
214,491,1181,-2.0
215,1594,866,3.0
216,1676,788,19.0
217,325,773,0.0
218,2469,236,1.0
219,1433,420,-5.0
220,1860,478,-3.0
221,1432,1403,9.0
222,804,1726,-4.0
223,2178,690,3.0
224,1827,1812,2.0
225,1149,651,13.0
226,284,125,8.0
227,2236,1493,18.0
228,2486,1172,4.0
229,1918,774,18.0
230,872,1709,5.0
231,44,282,2.0
232,1029,151,-2.0
233,869,1413,17.0
234,2424,921,2.0
235,2223,1501,4.0
236,1183,4,9.0
237,2077,1883,7.0
238,2435,1930,-1.0
239,607,1186,19.0
240,2,1627,9.0
241,2383,1466,19.0
242,2104,776,-3.0
243,398,126,-3.0
244,1551,1972,18.0
245,597,116,7.0
246,2422,1891,17.0
247,1790,540,3.0
248,1785,1161,-4.0
249,815,1012,9.0
250,1556,674,12.0
251,2172,187,17.0
252,658,1502,2.0
253,230,1425,-3.0
254,1359,1404,-5.0
255,573,33,1.0
256,2169,1848,0.0
257,1740,829,-5.0
258,1506,989,3.0
259,517,1905,5.0
260,314,805,16.0
261,1361,2013,-1.0
262,2125,1949,-3.0
263,828,1320,3.0
264,1677,1278,1.0
265,2148,359,14.0
266,296,823,7.0
267,1461,14,-5.0
268,1675,1288,14.0
269,778,160,-3.0
270,1564,907,0.0
271,1143,739,5.0
272,395,1349,11.0
273,1521,1714,9.0
274,1273,1701,-2.0
275,1031,1069,-5.0
276,1437,453,-5.0
277,961,834,0.0
278,655,666,16.0
279,1476,798,3.0
280,1923,333,8.0
281,1916,892,8.0
282,3,1574,1.0
283,413,1009,0.0
284,20,104,13.0
285,445,155,-3.0
286,2275,81,-1.0
287,1370,1203,16.0
288,1754,399,0.0
289,1075,1342,2.0
290,2421,609,18.0
291,969,30,7.0
292,353,1184,7.0
293,478,434,-5.0
294,2292,1031,13.0
295,1581,1831,15.0
296,727,1469,3.0
297,408,784,-2.0
298,2101,715,-1.0
299,1066,933,
300,853,1333,1.0
301,1351,590,12.0
302,2457,663,7.0
303,1539,1402,-5.0
304,373,187,8.0
305,1490,1375,8.0
306,902,1052,7.0
307,1474,490,12.0
308,1648,965,2.0
309,1023,1022,-5.0
310,1128,1368,9.0
311,2223,691,11.0
312,961,1746,11.0
313,322,1530,-4.0
314,1092,1220,8.0
315,1549,255,-5.0
316,2380,215,-4.0
317,1697,1737,1.0
318,1702,115,-5.0
319,771,651,4.0
320,2247,803,12.0
321,1668,1163,-3.0
322,1116,1735,12.0
323,490,1553,13.0
324,36,1079,7.0
325,1306,594,17.0
326,173,538,
327,1700,559,-3.0
328,290,510,16.0
329,2336,1521,-2.0
330,665,1562,11.0
331,2499,313,2.0
332,2036,1233,17.0
333,121,1144,2.0
334,1081,458,19.0
335,107,1246,19.0
336,2287,1615,-3.0
337,1437,503,9.0
338,21,1968,5.0
339,1609,1818,3.0
340,853,1065,5.0
341,1942,1692,0.0
342,2059,1427,4.0
343,2402,1,4.0
344,1998,1792,12.0
345,1833,34,7.0
346,2134,870,11.0
347,1945,1368,-2.0
348,656,425,19.0
349,1218,1880,12.0
350,1010,1089,-5.0
351,1862,1791,12.0
352,2350,1610,1.0
353,1072,516,-1.0
354,1317,1422,10.0
355,1046,959,-1.0
356,2223,1045,4.0
357,1905,832,10.0
358,2034,154,-2.0
359,17,870,-5.0
360,2444,244,2.0
361,710,1093,-5.0
362,203,1999,-3.0
363,233,920,12.0
364,787,1546,-4.0
365,1020,1635,19.0
366,671,1489,
367,1139,32,-1.0
368,770,585,5.0
369,1773,415,8.0
370,96,233,12.0
371,640,399,4.0
372,274,1202,1.0
373,1400,515,2.0
374,1358,104,19.0
375,2021,35,14.0
376,2397,627,11.0
377,802,310,1.0
378,2224,717,17.0
379,2411,854,
380,1944,1136,11.0
381,2093,711,
382,1403,762,-2.0
383,1885,852,-5.0
384,906,1125,17.0
385,430,1434,-3.0
386,676,595,6.0
387,1634,1246,11.0
388,1331,1378,10.0
389,2464,1827,8.0
390,1267,668,17.0
391,1679,611,-3.0
392,137,1789,13.0
393,1082,1762,13.0
394,932,240,
395,1942,1649,-2.0
396,169,379,15.0
397,462,1168,11.0
398,410,1968,13.0
399,556,243,6.0
400,598,480,-5.0
401,1266,1873,13.0
402,224,1368,13.0
403,826,69,14.0
404,1875,716,6.0
405,1699,918,6.0
406,2170,1036,11.0
407,1532,1117,-1.0
408,1723,1594,-2.0
409,244,487,-1.0
410,2269,807,0.0
411,35,1444,-3.0
412,1191,774,9.0
413,1358,688,-3.0
414,1089,1032,7.0
415,1134,70,-1.0
416,853,1591,15.0
417,2459,1374,3.0
418,982,61,17.0
419,1419,1278,9.0
420,9,339,16.0
421,906,862,-4.0
422,113,1930,3.0
423,942,304,9.0
424,1343,1346,-3.0
425,1457,1902,1.0
426,766,619,
427,231,1176,7.0
428,1504,1400,19.0
429,512,284,15.0
430,680,1058,16.0
431,1715,1337,9.0
432,1925,1603,0.0
433,2463,282,
434,1927,703,7.0
435,941,662,1.0
436,2095,480,11.0
437,1817,619,9.0
438,1109,932,-1.0
439,2479,1230,4.0
440,2141,549,16.0
441,159,643,6.0
442,1588,988,13.0
443,895,1882,12.0
444,1796,744,-2.0
445,118,1994,7.0
446,2025,1088,-3.0
447,157,364,0.0
448,257,1242,0.0
449,1860,1640,-2.0
450,2047,407,-2.0
451,421,967,7.0
452,378,1082,4.0
453,1272,1932,4.0
454,2423,1878,5.0
455,512,1588,7.0
456,1045,1291,4.0
457,797,265,5.0
458,1100,901,12.0
459,1362,1350,1.0
460,2470,1607,3.0
461,1705,622,7.0
462,790,1170,19.0
463,484,1999,4.0
464,2474,65,12.0
465,2188,368,9.0
466,469,591,19.0
467,1205,1846,-1.0
468,204,1417,9.0
469,753,1863,
470,1301,1004,0.0
471,563,1468,-5.0
472,425,1161,8.0
473,1852,684,
474,1580,1163,1.0
475,1357,131,9.0
476,1707,717,10.0
477,61,2013,18.0
478,840,1696,-1.0
479,1044,662,16.0
480,940,822,14.0
481,56,1973,13.0
482,688,1982,13.0
483,1354,434,12.0
484,911,107,0.0
485,204,26,3.0
486,1464,579,-3.0
487,1208,182,11.0
488,441,1961,4.0
489,1069,639,10.0
490,2056,378,-5.0
491,14,1672,-2.0
492,2277,1048,-5.0
493,794,1000,12.0
494,2150,269,14.0
495,501,331,-2.0
496,1321,1254,5.0
497,1053,109,18.0
498,1805,1212,-2.0
499,354,747,13.0
500,982,1166,-2.0
501,2029,1070,-1.0
502,1498,243,15.0
503,2018,773,7.0
504,443,1775,-2.0
505,303,141,4.0
506,760,1176,
507,1642,400,
508,1813,541,13.0
509,516,19,-1.0
510,1817,593,5.0
511,2056,1980,-4.0
512,676,1982,12.0
513,1826,1503,5.0
514,562,1200,6.0
515,238,221,10.0
516,1883,288,-4.0
517,861,1582,16.0
518,1151,1617,18.0
519,1738,583,10.0
520,2208,1766,
521,1462,325,
522,908,984,-2.0
523,1219,952,2.0
524,618,635,-2.0
525,1483,1441,5.0
526,71,496,19.0
527,1452,23,2.0
528,1520,462,6.0
529,2080,379,-2.0
530,1236,1634,1.0
531,847,189,7.0
532,463,1668,5.0
533,710,449,4.0
534,2295,642,3.0
535,129,349,0.0
536,1734,698,11.0
537,2381,841,7.0
538,1099,28,0.0
539,984,673,18.0
540,1114,1303,19.0
541,52,1620,
542,820,1911,7.0
543,2094,799,15.0
544,1673,1072,9.0
545,1316,1582,10.0
546,2185,1407,15.0
547,2210,1019,18.0
548,1112,557,1.0
549,1077,1242,
550,2157,1631,7.0
551,2093,928,0.0
552,865,307,2.0
553,973,815,16.0
554,1618,829,4.0
555,827,1202,15.0
556,318,547,4.0
557,767,1935,-5.0
558,2479,1999,6.0
559,699,1445,2.0
560,2434,1080,2.0
561,1625,1595,16.0
562,1018,1945,1.0
563,956,1556,
564,53,688,9.0
565,2428,86,
566,1614,660,10.0
567,2162,911,10.0
568,1924,574,-4.0
569,860,1630,8.0
570,1336,1038,10.0
571,258,1129,8.0
572,2193,1941,0.0
573,2003,178,17.0
574,860,209,18.0
575,1314,1093,12.0
576,1705,911,4.0
577,262,1016,18.0
578,1160,1087,9.0
579,1665,1195,12.0
580,1360,795,3.0
581,490,382,10.0
582,2003,829,10.0
583,2270,1334,-4.0
584,1360,1723,9.0
585,1147,748,13.0
586,976,167,18.0
587,1547,1748,5.0
588,1934,1024,16.0
589,1764,629,19.0
590,2263,233,2.0
591,415,163,4.0
592,627,593,0.0
593,2433,504,13.0
594,1992,1289,-3.0
595,653,1899,12.0
596,691,1902,2.0
597,513,506,15.0
598,2445,635,3.0
599,810,60,-1.0
600,2333,1086,-1.0
601,400,1791,18.0
602,503,1130,9.0
603,40,1860,18.0
604,349,1168,-4.0
605,222,400,18.0
606,1466,989,7.0
607,64,1772,17.0
608,1028,1888,6.0
609,1968,544,16.0
610,1480,358,-3.0
611,1008,487,-1.0
612,1042,247,12.0
613,1024,1256,5.0
614,1366,38,10.0
615,1034,679,3.0
616,1907,446,15.0
617,351,1471,18.0
618,2147,1641,15.0
619,898,16,3.0
620,349,54,6.0
621,577,1790,5.0
622,1699,749,-5.0
623,2224,1935,0.0
624,2095,18,7.0
625,1242,772,18.0
626,1245,549,17.0
627,190,1320,-4.0
628,86,1599,12.0
629,545,1092,10.0
630,1954,1425,4.0
631,2378,977,11.0
632,2467,1506,10.0
633,535,888,11.0
634,1073,688,9.0
635,844,19,-3.0
636,733,598,-3.0
637,1026,1959,18.0
638,2202,747,3.0
639,145,1473,-1.0
640,1323,309,11.0
641,1633,146,
642,1339,807,10.0
643,1913,1980,14.0
644,726,1116,3.0
645,1858,1485,9.0
646,1610,1443,15.0
647,807,329,3.0
648,1758,1361,7.0
649,1814,1442,-5.0
650,344,783,10.0
651,954,585,3.0
652,1139,871,18.0
653,1290,1811,7.0
654,482,1099,8.0
655,1134,984,
656,405,1109,-5.0
657,1981,703,17.0
658,1659,338,8.0
659,717,794,15.0
660,1858,177,18.0
661,1158,1782,14.0
662,284,772,12.0
663,1959,1474,-5.0
664,124,1169,17.0
665,1556,247,-5.0
666,1356,1153,19.0
667,1883,589,11.0
668,2362,714,16.0
669,1970,1105,-4.0
670,1705,631,16.0
671,610,1237,16.0
672,1682,1393,10.0
673,2114,1131,-1.0
674,245,649,-1.0
675,974,1119,18.0
676,2407,1123,1.0
677,1345,906,15.0
678,126,689,-2.0
679,732,48,-5.0
680,2331,2013,12.0
681,30,399,4.0
682,1622,45,1.0
683,332,1282,5.0
684,385,314,-5.0
685,1249,166,19.0
686,1321,1539,0.0
687,1017,1754,-1.0
688,2417,1016,16.0
689,769,481,7.0
690,1669,881,11.0
691,1095,1496,12.0
692,2330,2013,1.0
693,2353,609,0.0
694,1862,2013,1.0
695,1626,1886,6.0
696,1853,43,0.0
697,259,772,17.0
698,1294,683,10.0
699,532,237,17.0
700,1466,1725,16.0
701,428,1878,2.0
702,137,817,9.0
703,450,1984,
704,105,532,3.0
705,299,1877,7.0
706,97,685,15.0
707,812,657,6.0
708,2053,578,8.0
709,1400,1250,2.0
710,930,1942,9.0
711,184,434,18.0
712,1225,454,18.0
713,346,1817,-2.0
714,1054,1151,3.0
715,824,642,14.0
716,124,1790,0.0
717,470,427,0.0
718,2372,1425,-4.0
719,1839,73,17.0
720,2332,1172,1.0
721,1014,421,-5.0
722,842,436,15.0
723,73,1615,3.0
724,1151,282,-1.0
725,1828,409,17.0
726,897,320,
727,2270,1439,7.0
728,331,926,-5.0
729,2201,369,19.0
730,2345,394,14.0
731,581,1446,9.0
732,1495,621,11.0
733,1081,1660,2.0
734,904,1621,9.0
735,1840,1520,13.0
736,1905,1496,5.0
737,695,1122,2.0
738,1869,1948,0.0
739,1502,1396,0.0
740,169,997,2.0
741,571,1176,19.0
742,2137,1949,18.0
743,1342,1105,17.0
744,70,1895,13.0
745,869,1041,14.0
746,1000,1637,3.0
747,96,1094,14.0
748,790,512,18.0
749,1399,832,0.0
750,353,874,-1.0
751,1015,1893,10.0
752,594,238,1.0
753,397,415,-5.0
754,1490,57,4.0
755,1815,1428,13.0
756,2042,1454,-1.0
757,1294,1154,
758,507,617,13.0
759,926,594,13.0
760,147,50,3.0
761,688,1980,
762,2144,470,-3.0
763,890,809,15.0
764,1354,485,
765,645,2013,13.0
766,1959,1522,10.0
767,234,332,15.0
768,683,966,-4.0
769,1427,145,2.0
770,331,206,8.0
771,1191,906,0.0
772,827,90,6.0
773,749,1907,18.0
774,2142,1475,-5.0
775,2398,170,12.0
776,1263,1262,17.0
777,1970,463,1.0
778,203,1424,19.0
779,214,1190,6.0
780,1290,654,6.0
781,107,420,0.0
782,851,397,17.0
783,2422,1211,
784,1295,1691,-4.0
785,1025,1288,19.0
786,1983,1111,5.0
787,1133,1257,10.0
788,1135,309,-5.0
789,1269,715,0.0
790,1298,133,4.0
791,316,1669,3.0
792,658,1497,4.0
793,319,1874,12.0
794,553,304,12.0
795,1067,1783,3.0
796,2002,1786,7.0
797,1274,1779,4.0
798,1713,280,
799,989,201,-2.0
800,2473,491,9.0
801,355,1995,18.0
802,599,1742,2.0
803,312,298,-4.0
804,1470,1161,-2.0
805,1763,448,0.0
806,612,197,14.0
807,1706,1914,1.0
808,1180,1115,7.0
809,788,1931,-1.0
810,547,732,-2.0
811,1462,1673,16.0
812,354,1869,0.0
813,19,61,-1.0
814,1386,851,16.0
815,1032,72,-1.0
816,1474,823,1.0
817,784,452,-1.0
818,1397,1900,-2.0
819,1902,1817,3.0
820,1945,1663,-1.0
821,1677,199,16.0
822,1143,824,-4.0
823,926,283,11.0
824,1471,1779,13.0
825,1192,1175,1.0
826,1799,1064,11.0
827,1744,371,11.0
828,2022,477,10.0
829,1824,58,2.0
830,957,548,13.0
831,1907,1277,12.0
832,267,714,18.0
833,329,416,7.0
834,2329,239,8.0
835,1440,384,12.0
836,1005,407,7.0
837,1738,1192,4.0
838,1930,111,8.0
839,1465,1456,17.0
840,1620,1944,17.0
841,65,1749,4.0
842,160,1703,0.0
843,1640,1320,11.0
844,1887,285,11.0
845,1200,301,
846,1590,1901,13.0
847,2123,603,7.0
848,1658,1533,6.0
849,553,546,6.0
850,1363,1114,-2.0
851,573,1524,19.0
852,1159,1551,10.0
853,949,582,17.0
854,2101,1753,-5.0
855,228,850,14.0
856,2148,1095,16.0
857,922,642,8.0
858,829,354,7.0
859,1059,641,16.0
860,259,633,1.0
861,1390,182,19.0
862,2368,1149,0.0
863,2187,110,-5.0
864,1926,1410,13.0
865,2178,1770,-5.0
866,808,164,16.0
867,1407,1988,17.0
868,618,1564,9.0
869,911,1239,6.0
870,2147,103,9.0
871,774,2013,-3.0
872,21,1189,4.0
873,1760,1595,19.0
874,1465,1068,-5.0
875,1719,1164,-5.0
876,852,1056,17.0
877,1379,249,15.0
878,703,806,10.0
879,2356,543,-1.0
880,757,530,-1.0
881,521,1693,5.0
882,1382,1762,5.0
883,724,1843,6.0
884,2004,413,15.0
885,1283,1627,12.0
886,277,991,8.0
887,2376,831,-5.0
888,2164,880,
889,2039,1783,19.0
890,1711,849,
891,1322,532,19.0
892,864,1695,-3.0
893,1082,1055,12.0
894,2436,698,15.0
895,1879,999,17.0
896,313,1877,14.0
897,253,391,-4.0
898,918,224,3.0
899,1476,1527,16.0
900,2200,1804,13.0
901,1955,983,6.0
902,1906,957,5.0
903,52,1579,-5.0
904,1783,509,10.0
905,1294,49,-5.0
906,935,1387,18.0
907,2298,2013,14.0
908,1698,710,3.0
909,596,1952,-1.0
910,499,1727,-1.0
911,2160,1766,2.0
912,1036,1039,17.0
913,470,346,18.0
914,739,1492,8.0
915,1673,780,-2.0
916,894,1769,6.0
917,1061,493,-4.0
918,2185,1903,0.0
919,464,239,8.0
920,1140,666,7.0
921,1599,926,17.0
922,329,861,16.0
923,1420,926,-3.0
924,1140,77,13.0
925,815,233,-1.0
926,1010,1470,
927,329,171,12.0
928,475,534,6.0
929,796,747,5.0
930,35,1001,-2.0
931,2411,273,6.0
932,166,1943,18.0
933,835,1049,13.0
934,387,757,1.0
935,1252,838,
936,2481,1270,
937,2274,549,18.0
938,1744,474,17.0
939,993,1337,-5.0
940,1699,1493,10.0
941,2064,1379,-2.0
942,1192,1862,17.0
943,837,1814,6.0
944,1697,1745,7.0
945,1459,1483,15.0
946,166,516,-3.0
947,312,58,10.0
948,1766,172,
949,321,1354,3.0
950,578,273,0.0
951,275,1254,4.0
952,1936,146,11.0
953,453,1461,-1.0
954,2040,1299,6.0
955,1300,854,
956,875,829,2.0
957,1678,1593,15.0
958,1658,1359,6.0
959,1741,300,6.0
960,1115,147,4.0
961,1465,921,7.0
962,1658,549,-5.0
963,1442,1021,-4.0
964,699,1938,14.0
965,1443,1082,9.0
966,2307,2013,
967,883,32,-5.0
968,2052,1946,14.0
969,1430,410,16.0
970,2117,431,16.0
971,873,1962,12.0
972,1255,1625,-5.0
973,791,222,6.0
974,983,51,2.0
975,909,809,19.0
976,1596,998,3.0
977,2331,1486,17.0
978,631,705,14.0
979,1292,1889,-4.0
980,49,573,10.0
981,1756,895,17.0
982,1899,459,
983,2230,803,8.0
984,2168,597,17.0
985,1812,1302,-5.0
986,2316,1477,8.0
987,770,1064,14.0
988,1500,1590,11.0
989,278,978,17.0
990,803,1189,0.0
991,1268,940,2.0
992,1278,247,12.0
993,785,1821,2.0
994,654,338,2.0
995,244,1909,-4.0
996,928,524,10.0
997,970,1429,7.0
998,1600,40,8.0
999,1165,1054,1.0
1000,1953,832,-3.0
1001,1157,297,15.0
1002,1647,847,2.0
1003,2066,1763,-5.0
1004,2020,303,11.0
1005,1384,732,2.0
1006,1876,1284,0.0
1007,877,1948,
1008,1796,606,5.0
1009,22,432,2.0
1010,2265,1337,2.0
1011,201,889,19.0
1012,2028,242,4.0
1013,1289,731,4.0
1014,2311,1552,16.0
1015,417,864,17.0
1016,2114,1932,7.0
1017,1010,492,16.0
1018,456,311,-3.0
1019,955,932,19.0
1020,1827,1935,11.0
1021,2141,659,15.0
1022,1696,146,16.0
1023,769,730,9.0
1024,1653,1995,
1025,863,990,11.0
1026,2228,924,18.0
1027,2476,1976,-5.0
1028,532,151,-3.0
1029,1377,463,2.0
1030,215,1904,2.0
1031,1164,11,5.0
1032,1672,427,10.0
1033,448,853,-5.0
1034,879,896,5.0
1035,1658,301,11.0
1036,1675,39,7.0
1037,26,991,18.0
1038,1574,591,-4.0
1039,197,1489,-1.0
1040,112,985,18.0
1041,1679,1176,15.0
1042,1981,1019,6.0
1043,1899,941,9.0
1044,1844,1316,1.0
1045,1495,1889,0.0
1046,1393,876,-1.0
1047,382,516,9.0
1048,1334,705,-3.0
1049,378,614,16.0
1050,1039,696,3.0
1051,2002,907,17.0
1052,23,597,11.0
1053,336,1689,15.0
1054,1214,1786,17.0
1055,2329,562,8.0
1056,2208,348,1.0
1057,2332,1906,9.0
1058,2139,564,1.0
1059,1652,262,7.0
1060,493,1326,8.0
1061,484,710,16.0
1062,140,1750,5.0
1063,1487,1807,12.0
1064,1900,1654,7.0
1065,1434,1469,6.0
1066,2031,289,-4.0
1067,1621,849,
1068,1637,1405,16.0
1069,939,396,5.0
1070,2482,287,10.0
1071,1226,995,11.0
1072,924,546,8.0
1073,25,32,16.0
1074,1907,1559,15.0
1075,1492,1638,7.0
1076,1231,1605,11.0
1077,1426,552,-1.0
1078,168,1986,-2.0
1079,1367,1403,19.0
1080,1035,1055,5.0
1081,2459,1420,11.0
1082,1189,1895,-3.0
1083,140,1006,-4.0
1084,1286,298,-5.0
1085,506,1940,12.0
1086,838,1294,10.0
1087,940,843,5.0
1088,213,700,1.0
1089,2393,1503,-1.0
1090,559,1651,12.0
1091,2084,1249,-2.0
1092,1068,1626,
1093,1989,1538,2.0
1094,407,415,16.0
1095,87,1463,0.0
1096,1885,1059,16.0
1097,1477,27,15.0
1098,1341,645,15.0
1099,721,1099,16.0
1100,166,947,16.0
1101,915,743,-5.0
1102,879,604,1.0
1103,2495,1424,0.0
1104,1502,1396,16.0
1105,535,936,-5.0
1106,30,346,1.0
1107,679,1368,8.0
1108,224,196,0.0
1109,2154,1484,4.0
1110,1564,210,12.0
1111,1663,1655,10.0
1112,61,974,6.0
1113,2224,1873,5.0
1114,1631,1708,18.0
1115,1487,1961,2.0
1116,2189,528,9.0
1117,86,629,17.0
1118,635,1322,6.0
1119,353,404,17.0
1120,1448,190,1.0
1121,179,1396,10.0
1122,582,107,-2.0
1123,1950,668,-5.0
1124,414,444,19.0
1125,206,1321,-5.0
1126,950,1409,15.0
1127,775,528,9.0
1128,1091,1412,8.0
1129,479,1334,19.0
1130,1162,1053,9.0
1131,225,712,-4.0
1132,1085,1218,10.0
1133,1317,1774,-1.0
1134,15,664,5.0
1135,50,809,5.0
1136,1125,63,-5.0
1137,964,1848,-4.0
1138,1034,2013,-5.0
1139,123,270,-3.0
1140,662,1973,14.0
1141,1919,1662,-5.0
1142,671,1196,11.0
1143,2301,2013,-4.0
1144,1356,1153,8.0
1145,1820,886,
1146,1246,353,-4.0
1147,2323,640,12.0
1148,846,651,2.0
1149,559,148,2.0
1150,1944,761,1.0
1151,2418,1103,5.0
1152,589,1244,
1153,1354,405,1.0
1154,1245,1111,16.0
1155,347,841,1.0
1156,1590,404,11.0
1157,59,117,9.0
1158,2080,502,15.0
1159,208,1681,15.0
1160,2386,1642,1.0
1161,2227,1983,14.0
1162,310,1615,11.0
1163,2457,748,13.0
1164,1662,1925,8.0
1165,2186,174,14.0
1166,2439,1130,-1.0
1167,2430,1844,6.0
1168,1781,1121,18.0
1169,705,478,18.0
1170,1889,1872,6.0
1171,993,548,-4.0
1172,1535,1637,
1173,2093,873,
1174,1897,561,-1.0
1175,462,1446,14.0
1176,1671,1752,-4.0
1177,2312,1625,7.0
1178,1626,1435,-3.0
1179,605,1349,9.0
1180,594,1970,
1181,2041,881,10.0
1182,2219,1493,8.0
1183,1328,1451,17.0
1184,1530,1379,-2.0
1185,1519,326,11.0
1186,557,9,15.0
1187,2052,1005,16.0
1188,2278,1115,16.0
1189,1466,705,6.0
1190,1473,286,-4.0
1191,894,1167,15.0
1192,195,2013,14.0
1193,156,724,
1194,110,1924,15.0
1195,1701,956,17.0
1196,1922,951,-3.0
1197,1021,1826,10.0
1198,2109,1656,2.0
1199,1745,1085,6.0
1200,637,294,3.0
1201,597,340,
1202,1067,879,-5.0
1203,987,819,3.0
1204,284,186,9.0
1205,763,1116,4.0
1206,1729,1255,11.0
1207,579,1561,
1208,719,1163,-3.0
1209,836,882,17.0
1210,383,776,4.0
1211,2397,802,13.0
1212,791,1819,3.0
1213,447,1900,12.0
1214,1989,662,
1215,1555,190,3.0
1216,2120,1608,16.0
1217,299,353,5.0
1218,649,39,3.0
1219,281,1097,-1.0
1220,985,2013,14.0
1221,462,22,12.0
1222,287,713,6.0
1223,653,31,11.0
1224,833,1314,15.0
1225,201,836,11.0
1226,1512,1902,10.0
1227,95,1102,16.0
1228,1298,1467,16.0
1229,131,1800,8.0
1230,962,1461,17.0
1231,1321,1385,3.0
1232,114,726,16.0
1233,1246,54,7.0
1234,1291,371,-3.0
1235,699,1606,18.0
1236,2296,97,-1.0
1237,563,885,18.0
1238,1601,530,2.0
1239,2224,1672,-3.0
1240,1210,1671,17.0
1241,486,1888,10.0
1242,677,2013,-2.0
1243,135,1418,
1244,1023,1060,1.0
1245,572,318,12.0
1246,1418,1394,11.0
1247,801,1075,16.0
1248,123,287,0.0
1249,1870,650,4.0
1250,932,1620,
1251,1391,243,9.0
1252,806,1315,-4.0
1253,1268,413,9.0
1254,1847,222,3.0
1255,2399,1969,0.0
1256,2479,1055,-2.0
1257,1111,1889,17.0
1258,1616,1656,8.0
1259,1433,872,3.0
1260,1498,1777,18.0
1261,1917,1092,-5.0
1262,85,994,13.0
1263,1801,785,4.0
1264,1496,1506,12.0
1265,1647,96,13.0
1266,2408,225,15.0
1267,1809,1573,0.0
1268,1886,735,-3.0
1269,311,1370,12.0
1270,310,223,15.0
1271,1448,991,14.0
1272,252,1308,15.0
1273,1497,2013,4.0
1274,817,1702,14.0
1275,218,1772,-2.0
1276,2218,120,2.0
1277,1282,138,10.0
1278,76,328,16.0
1279,2405,878,-4.0
1280,357,740,13.0
1281,1601,595,9.0
1282,1994,540,2.0
1283,2366,1733,11.0
1284,1122,1112,7.0
1285,105,1397,16.0
1286,2244,634,-3.0
1287,1767,1415,19.0
1288,908,340,4.0
1289,604,1538,7.0
1290,1925,825,5.0
1291,2095,1771,-5.0
1292,1547,1290,8.0
1293,1487,82,
1294,563,866,16.0
1295,517,398,6.0
1296,304,714,-2.0
1297,799,358,6.0
1298,2472,800,-5.0
1299,391,181,4.0
1300,296,1539,
1301,1989,1015,-4.0
1302,482,560,19.0
1303,1802,1160,17.0
1304,850,1289,
1305,2040,203,19.0
1306,145,784,7.0
1307,1971,1506,2.0
1308,2256,1880,-4.0
1309,446,287,-3.0
1310,414,133,9.0
1311,1826,1121,1.0
1312,1989,1118,4.0
1313,545,1911,14.0
1314,1066,94,5.0
1315,1155,1743,16.0
1316,703,1319,19.0
1317,756,1040,17.0
1318,2440,474,8.0
1319,2109,960,
1320,1093,1484,8.0
1321,294,211,16.0
1322,1467,559,
1323,95,443,-5.0
1324,760,99,1.0
1325,258,20,-1.0
1326,2256,21,1.0
1327,394,1205,7.0
1328,734,1509,1.0
1329,980,1871,16.0
1330,490,694,13.0
1331,456,561,19.0
1332,2018,1424,7.0
1333,2146,1296,10.0
1334,173,1047,
1335,1529,108,19.0
1336,1636,836,9.0
1337,583,605,13.0
1338,1358,1701,1.0
1339,801,24,-1.0
1340,863,1853,8.0
1341,1274,776,17.0
1342,1633,1772,10.0
1343,730,453,18.0
1344,382,1643,5.0
1345,2214,1565,18.0
1346,976,115,15.0
1347,12,394,5.0
1348,449,952,6.0
1349,188,1906,15.0
1350,1529,620,7.0
1351,242,1609,2.0
1352,458,1686,0.0
1353,2114,778,16.0
1354,1488,596,-4.0
1355,1093,1428,17.0
1356,639,1843,4.0
1357,1126,1627,17.0
1358,1402,1013,16.0
1359,511,1126,-4.0
1360,1420,266,5.0
1361,703,83,-1.0
1362,627,937,0.0
1363,240,1758,10.0
1364,446,1744,14.0
1365,2107,1320,4.0
1366,1650,1996,8.0
1367,324,246,0.0
1368,2057,1285,-1.0
1369,1539,811,4.0
1370,456,1011,6.0
1371,1362,1731,19.0
1372,1814,1176,16.0
1373,613,1398,11.0
1374,2166,1370,10.0
1375,2455,671,4.0
1376,592,1519,
1377,515,1851,-4.0
1378,1015,1142,-4.0
1379,1493,628,
1380,1076,2013,-2.0
1381,1733,1983,6.0
1382,1918,1398,-4.0
1383,2425,129,8.0
1384,2262,1227,18.0
1385,1051,1861,18.0
1386,1581,199,12.0
1387,1326,767,19.0
1388,33,929,
1389,1151,1101,3.0
1390,1631,1471,19.0
1391,2398,1450,17.0
1392,704,1695,19.0
1393,2468,508,18.0
1394,2310,1076,2.0
1395,493,178,1.0
1396,733,1805,7.0
1397,270,1473,-4.0
1398,201,2013,-4.0
1399,1615,1260,10.0
1400,921,1911,10.0
1401,1172,1190,18.0
1402,214,1575,12.0
1403,914,1889,-4.0
1404,1681,298,1.0
1405,2190,380,1.0
1406,1562,1635,11.0
1407,744,167,17.0
1408,1696,1578,6.0
1409,1373,362,7.0
1410,2280,841,-1.0
1411,2491,1478,9.0
1412,1607,504,15.0
1413,313,1641,-4.0
1414,201,759,
1415,3,457,-2.0
1416,353,859,17.0
1417,1167,1322,7.0
1418,137,925,-4.0
1419,2097,708,18.0
1420,1196,1689,-1.0
1421,1180,1808,2.0
1422,1021,185,10.0
1423,1965,418,1.0
1424,1805,715,-3.0
1425,50,777,19.0
1426,2223,1699,3.0
1427,1285,795,7.0
1428,775,1959,-4.0
1429,1446,941,13.0
1430,805,123,5.0
1431,1363,1261,4.0
1432,416,1468,5.0
1433,1278,604,11.0
1434,1639,1451,11.0
1435,795,61,-3.0
1436,2022,1733,
1437,563,912,-3.0
1438,243,92,-1.0
1439,2229,898,0.0
1440,1747,234,14.0
1441,1374,970,
1442,1072,531,5.0
1443,778,1856,17.0
1444,606,1018,13.0
1445,86,788,14.0
1446,95,826,5.0
1447,46,1020,15.0
1448,2084,1980,2.0
1449,10,1766,3.0
1450,1051,827,-3.0
1451,591,1654,-5.0
1452,1427,1392,-4.0
1453,32,1261,-4.0
1454,46,1715,-3.0
1455,572,1315,12.0
1456,1487,1385,11.0
1457,17,1162,6.0
1458,185,624,0.0
1459,1541,242,1.0
1460,1079,292,11.0
1461,1386,437,3.0
1462,2052,1912,17.0
1463,1043,760,6.0
1464,131,1078,8.0
1465,2229,528,5.0
1466,2424,50,-2.0
1467,645,794,13.0
1468,479,799,0.0
1469,1825,189,13.0
1470,1342,938,10.0
1471,850,1537,10.0
1472,472,682,
1473,794,1201,19.0
1474,1020,219,-1.0
1475,1785,659,4.0
1476,654,720,-1.0
1477,2096,1280,3.0
1478,1712,825,12.0
1479,347,358,17.0
1480,1318,648,17.0
1481,2411,190,0.0
1482,1048,1872,8.0
1483,50,1484,14.0
1484,682,1033,17.0
1485,1119,880,10.0
1486,219,775,-3.0
1487,381,1704,19.0
1488,653,1012,-5.0
1489,1760,1509,0.0
1490,1303,1213,-5.0
1491,1189,1047,0.0
1492,1901,297,15.0
1493,1083,328,
1494,442,1687,6.0
1495,1831,980,0.0
1496,2298,1776,2.0
1497,1883,11,19.0
1498,1801,1025,13.0
1499,587,1201,-1.0
1500,918,812,9.0
1501,1009,1349,8.0
1502,1038,1166,10.0
1503,727,519,0.0
1504,962,1147,11.0
1505,1103,444,11.0
1506,434,2013,10.0
1507,477,743,-5.0
1508,240,900,12.0
1509,2449,1263,-2.0
1510,529,155,16.0
1511,384,958,-3.0
1512,867,1031,19.0
1513,863,438,-3.0
1514,268,1496,7.0
1515,1658,1481,14.0
1516,1346,1473,-2.0
1517,2038,1762,5.0
1518,1423,616,15.0
1519,1404,863,-1.0
1520,990,615,-4.0
1521,1517,1879,0.0
1522,2308,963,
1523,1367,103,
1524,583,660,-5.0
1525,529,1210,19.0
1526,1928,688,17.0
1527,1814,1946,17.0
1528,918,418,5.0
1529,1157,2013,0.0
1530,276,1377,11.0
1531,123,296,5.0
1532,1826,517,1.0
1533,1956,522,10.0
1534,467,1508,14.0
1535,1372,1246,-1.0
1536,1607,1609,1.0
1537,2080,686,-3.0
1538,174,1568,-4.0
1539,1887,1981,-5.0
1540,1517,1621,2.0
1541,161,1962,18.0
1542,325,1906,1.0
1543,638,505,4.0
1544,285,1306,8.0
1545,187,1943,3.0
1546,2043,1417,5.0
1547,1599,1477,-5.0
1548,85,55,13.0
1549,738,648,15.0
1550,689,1004,8.0
1551,1339,628,12.0
1552,1470,1080,17.0
1553,2287,951,6.0
1554,1302,755,16.0
1555,1488,2013,4.0
1556,704,811,12.0
1557,174,1867,18.0
1558,725,56,-3.0
1559,91,164,-2.0
1560,1770,1938,15.0
1561,677,1823,16.0
1562,1347,489,3.0
1563,2228,8,6.0
1564,2475,612,3.0
1565,109,147,
1566,701,1430,10.0
1567,2375,66,18.0
1568,1757,139,-1.0
1569,685,2013,-1.0
1570,681,289,
1571,1911,458,14.0
1572,1972,821,8.0
1573,1292,429,9.0
1574,271,195,10.0
1575,1783,1659,1.0
1576,2320,295,5.0
1577,259,1785,-2.0
1578,238,1445,-1.0
1579,407,610,8.0
1580,1984,50,3.0
1581,304,1820,17.0
1582,1627,1294,3.0
1583,1463,820,18.0
1584,1254,378,
1585,2351,1628,13.0
1586,927,1566,13.0
1587,1999,158,6.0
1588,1443,121,9.0
1589,164,667,-4.0
1590,920,578,6.0
1591,2402,101,-3.0
1592,966,1357,9.0
1593,861,1319,8.0
1594,838,1450,13.0
1595,946,796,-3.0
1596,1279,1108,9.0
1597,1589,831,5.0
1598,481,871,16.0
1599,1645,55,3.0
1600,2470,242,1.0
1601,1972,146,1.0
1602,861,1698,1.0
1603,108,697,11.0
1604,1725,368,-2.0
1605,992,1197,19.0
1606,2012,1617,
1607,2077,1958,1.0
1608,2163,919,-4.0
1609,547,1055,16.0
1610,1977,1417,-1.0
1611,2119,803,4.0
1612,394,1433,12.0
1613,1838,679,8.0
1614,538,1950,-3.0
1615,1200,261,-3.0
1616,176,668,13.0
1617,2061,1653,15.0
1618,670,1543,19.0
1619,224,1898,7.0
1620,484,1270,1.0
1621,2242,888,0.0
1622,125,1450,14.0
1623,519,810,7.0
1624,312,825,-1.0
1625,1310,1766,0.0
1626,730,851,6.0
1627,1241,448,
1628,1441,1660,19.0
1629,1194,217,12.0
1630,518,831,18.0
1631,264,530,9.0
1632,841,117,2.0
1633,587,239,7.0
1634,216,1626,1.0
1635,2374,941,10.0
1636,592,1300,14.0
1637,1809,1026,19.0
1638,344,1856,17.0
1639,1927,798,-1.0
1640,1832,662,14.0
1641,1128,764,16.0
1642,2362,618,
1643,1982,375,16.0
1644,347,290,
1645,2057,1149,17.0
1646,650,163,9.0
1647,561,894,-5.0
1648,265,197,-2.0
1649,378,1849,14.0
1650,2210,527,15.0
1651,2075,1319,15.0
1652,1240,1487,-2.0
1653,1947,1564,9.0
1654,1193,12,-3.0
1655,1835,195,
1656,1996,1290,
1657,872,868,-4.0
1658,2066,1799,19.0
1659,2237,1707,16.0
1660,2248,337,15.0
1661,80,276,10.0
1662,1293,815,-3.0
1663,794,753,14.0
1664,1648,1518,0.0
1665,1626,1269,-3.0
1666,247,1052,17.0
1667,2104,1228,9.0
1668,189,786,-1.0
1669,2312,313,-5.0
1670,737,365,19.0
1671,704,947,19.0
1672,1410,1061,11.0
1673,840,972,14.0
1674,534,1416,6.0
1675,473,1790,14.0
1676,607,872,4.0
1677,1955,617,18.0
1678,2034,1020,-4.0
1679,1342,1267,17.0
1680,1622,100,2.0
1681,1865,966,13.0
1682,2201,1783,10.0
1683,673,44,13.0
1684,363,65,3.0
1685,1384,1202,2.0
1686,141,1171,11.0
1687,2365,561,9.0
1688,2440,1091,-4.0
1689,2288,996,-2.0
1690,506,1371,0.0
1691,629,46,9.0
1692,1650,1094,7.0
1693,2028,1438,-3.0
1694,27,1957,14.0
1695,156,1883,10.0
1696,213,1478,8.0
1697,2228,621,-2.0
1698,2141,873,4.0
1699,662,209,17.0
1700,45,1839,17.0
1701,593,990,17.0
1702,1767,1231,-2.0
1703,542,381,6.0
1704,1999,1107,-1.0
1705,142,286,-2.0
1706,1360,872,3.0
1707,1968,1481,14.0
1708,1170,1659,-5.0
1709,878,418,10.0
1710,1190,1262,2.0
1711,628,346,7.0
1712,53,366,16.0
1713,143,357,
1714,1841,61,-5.0
1715,2081,384,1.0
1716,1171,1187,8.0
1717,1621,1770,2.0
1718,2057,578,10.0
1719,132,13,
1720,1933,572,4.0
1721,2295,1131,
1722,2468,363,14.0
1723,264,1289,1.0
1724,602,1941,-1.0
1725,1520,1961,8.0
1726,1946,1132,12.0
1727,1069,833,
1728,1962,468,2.0
1729,270,689,4.0
1730,468,837,5.0
1731,1898,268,-1.0
1732,1517,235,9.0
1733,2012,917,-3.0
1734,2424,1853,18.0
1735,564,1648,17.0
1736,1989,1831,1.0
1737,693,215,1.0
1738,1154,456,15.0
1739,1584,1302,14.0
1740,2128,602,16.0
1741,2185,339,0.0
1742,2,825,16.0
1743,75,719,18.0
1744,984,1189,0.0
1745,939,1065,4.0
1746,1245,1237,14.0
1747,1806,115,6.0
1748,2300,1485,-2.0
1749,827,1159,-1.0
1750,930,1369,17.0
1751,2431,33,
1752,896,515,7.0
1753,2212,1575,-5.0
1754,1383,1376,-5.0
1755,747,745,10.0
1756,18,932,15.0
1757,217,1013,-1.0
1758,1381,680,11.0
1759,2053,500,17.0
1760,1312,1522,1.0
1761,2420,2013,-2.0
1762,1713,1474,-4.0
1763,2318,1760,-4.0
1764,1568,302,-2.0
1765,983,1542,-4.0
1766,2157,839,-5.0
1767,649,824,11.0
1768,981,1301,2.0
1769,1132,609,12.0
1770,1568,1104,3.0
1771,1506,1475,
1772,1017,794,-2.0
1773,726,255,17.0
1774,69,1689,1.0
1775,2332,1871,5.0
1776,1368,1238,2.0
1777,1186,107,-3.0
1778,437,1125,11.0
1779,808,625,-2.0
1780,1728,1392,10.0
1781,1908,1728,-3.0
1782,1674,693,14.0
1783,555,562,16.0
1784,967,1053,10.0
1785,2375,357,-5.0
1786,624,403,7.0
1787,1456,1640,11.0
1788,2285,1119,6.0
1789,707,1594,10.0
1790,813,1166,-4.0
1791,2266,1003,4.0
1792,1223,125,-3.0
1793,2095,1935,6.0
1794,742,1087,15.0
1795,285,769,19.0
1796,2073,1396,0.0
1797,622,204,-1.0
1798,431,320,18.0
1799,1554,139,-5.0
1800,2420,1199,
1801,1382,1801,10.0
1802,1572,1516,2.0
1803,332,609,7.0
1804,1182,1206,19.0
1805,1784,630,8.0
1806,898,1947,5.0
1807,1826,738,
1808,1397,497,6.0
1809,1380,1153,7.0
1810,727,1546,2.0
1811,2467,1677,4.0
1812,1314,669,-3.0
1813,1405,1647,0.0
1814,1343,1285,15.0
1815,767,1995,13.0
1816,371,1077,12.0
1817,2238,1115,12.0
1818,862,1274,14.0
1819,1204,1703,19.0
1820,596,1785,12.0
1821,2132,1252,10.0
1822,814,436,15.0
1823,1879,731,7.0
1824,388,1771,18.0
1825,2431,615,5.0
1826,1960,1582,12.0
1827,2181,1113,10.0
1828,658,295,8.0
1829,1465,856,1.0
1830,1343,1066,0.0
1831,2257,688,11.0
1832,2403,1567,17.0
1833,325,583,9.0
1834,1697,473,4.0
1835,1924,1494,19.0
1836,2287,75,11.0
1837,1059,1817,-4.0
1838,315,979,17.0
1839,1578,388,11.0
1840,639,1753,7.0
1841,1754,1506,12.0
1842,357,540,13.0
1843,297,976,-4.0
1844,1869,2,-4.0
1845,1095,1562,12.0
1846,464,840,1.0
1847,174,1195,4.0
1848,1344,1498,-2.0
1849,1691,422,-2.0
1850,214,1557,18.0
1851,1637,818,15.0
1852,707,785,-5.0
1853,2203,286,-4.0
1854,7,755,4.0
1855,1815,811,9.0
1856,2434,1062,6.0
1857,2290,125,-3.0
1858,2001,315,-2.0
1859,523,1595,3.0
1860,1799,44,8.0
1861,834,332,4.0
1862,878,1567,4.0
1863,2335,1772,-1.0
1864,558,165,5.0
1865,326,1382,8.0
1866,1790,1839,0.0
1867,2277,763,5.0
1868,861,1536,5.0
1869,805,711,-3.0
1870,155,1479,7.0
1871,1817,1955,
1872,188,1243,12.0
1873,2065,666,0.0
1874,1996,184,7.0
1875,1375,1407,0.0
1876,1655,1323,6.0
1877,2077,403,1.0
1878,896,662,8.0
1879,2457,441,3.0
1880,905,577,-3.0
1881,141,379,9.0
1882,1770,674,1.0
1883,2179,562,1.0
1884,2426,1696,18.0
1885,394,309,15.0
1886,1188,989,
1887,1916,1494,-4.0
1888,988,51,14.0
1889,2307,276,18.0
1890,2481,1978,8.0
1891,1354,860,-1.0
1892,994,1581,-5.0
1893,2496,1458,6.0
1894,790,1404,6.0
1895,1249,115,13.0
1896,336,860,15.0
1897,490,136,16.0
1898,419,1391,-4.0
1899,612,21,18.0
1900,1420,530,7.0
1901,1037,362,6.0
1902,8,1295,17.0
1903,2207,906,17.0
1904,773,219,
1905,1152,319,15.0
1906,684,466,-4.0
1907,819,1428,2.0
1908,1007,121,13.0
1909,2201,62,13.0
1910,941,1121,12.0
1911,544,1006,-4.0
1912,1992,763,-4.0
1913,2454,1460,7.0
1914,2097,1438,0.0
1915,779,899,
1916,1607,1153,13.0
1917,2116,1270,0.0
1918,168,10,13.0
1919,1899,817,3.0
1920,2152,577,9.0
1921,726,1008,11.0
1922,2149,759,17.0
1923,2162,1441,2.0
1924,1470,1915,3.0
1925,2366,349,-1.0
1926,542,419,0.0
1927,2387,165,
1928,1140,1203,15.0
1929,1433,54,5.0
1930,1548,319,1.0
1931,265,1070,14.0
1932,1405,430,9.0
1933,273,377,7.0
1934,1007,1202,9.0
1935,369,519,8.0
1936,2014,1620,0.0
1937,377,1152,-2.0
1938,1084,957,12.0
1939,772,491,12.0
1940,425,1750,-2.0
1941,2008,1258,
1942,1161,12,-5.0
1943,1259,1610,-3.0
1944,1524,550,-1.0
1945,1279,863,18.0
1946,1853,1512,14.0
1947,1373,1959,0.0
1948,738,1685,-2.0
1949,1122,1431,-1.0
1950,1301,479,6.0
1951,25,940,1.0
1952,1598,1708,7.0
1953,1620,990,2.0
1954,2473,214,7.0
1955,578,749,6.0
1956,1786,1045,4.0
1957,1289,873,4.0
1958,648,468,2.0
1959,2174,1884,8.0
1960,550,743,17.0
1961,1531,445,-2.0
1962,559,720,14.0
1963,2127,887,-4.0
1964,2023,211,3.0
1965,540,664,0.0
1966,479,1273,13.0
1967,2326,107,-3.0
1968,1768,671,7.0
1969,113,517,5.0
1970,1715,1489,8.0
1971,1097,705,11.0
1972,61,1701,12.0
1973,514,1630,-1.0
1974,2487,288,19.0
1975,58,1730,-3.0
1976,639,1826,1.0
1977,1757,1772,0.0
1978,2203,1053,-3.0
1979,1566,1142,14.0
1980,2158,133,7.0
1981,359,158,
1982,1914,1643,15.0
1983,764,1197,-4.0
1984,1342,1682,2.0
1985,1217,334,6.0
1986,2481,1445,6.0
1987,529,1803,17.0
1988,2447,1284,9.0
1989,667,881,19.0
1990,2165,1582,2.0
1991,1930,1916,6.0
1992,2000,899,17.0
1993,2277,1845,19.0
1994,1922,1688,4.0
1995,291,866,15.0
1996,2103,136,-3.0
1997,1744,216,0.0
1998,1867,464,19.0
1999,2004,1670,16.0
2000,1043,1877,9.0
2001,1447,1248,8.0
2002,1495,1767,-3.0
2003,1724,1878,12.0
2004,2058,1519,15.0
2005,1480,1737,18.0
2006,440,1042,18.0
2007,1031,1228,11.0
2008,90,134,8.0
2009,168,347,8.0
2010,2451,108,10.0
2011,2246,423,13.0
2012,1588,1903,5.0
2013,1380,1537,-1.0
2014,2188,15,-5.0
2015,732,1678,16.0
2016,2377,1529,14.0
2017,1320,1613,19.0
2018,1734,504,12.0
2019,64,853,
2020,2260,174,-1.0
2021,1117,111,-1.0
2022,841,117,16.0
2023,1517,1065,
2024,1836,1906,4.0
2025,2362,1030,4.0
2026,1086,276,3.0
2027,1458,1092,
2028,1845,1832,-5.0
2029,1383,1939,18.0
2030,2102,1515,0.0
2031,298,616,19.0
2032,699,127,1.0
2033,1288,1610,6.0
2034,335,1149,9.0
2035,358,837,10.0
2036,2476,258,-3.0
2037,2347,351,10.0
2038,248,812,2.0
2039,900,309,8.0
2040,333,724,-3.0
2041,807,1273,
2042,2142,1542,8.0
2043,19,1067,13.0
2044,2113,1789,-2.0
2045,352,1427,6.0
2046,1228,146,-3.0
2047,2124,1310,16.0
2048,724,199,17.0
2049,971,1425,10.0
2050,113,1653,-3.0
2051,542,181,-3.0
2052,2033,1988,1.0
2053,1436,192,4.0
2054,1713,131,19.0
2055,605,767,10.0
2056,2157,1433,7.0
2057,305,1438,13.0
2058,157,164,0.0
2059,1665,334,15.0
2060,1311,937,18.0
2061,2331,1175,3.0
2062,1736,761,18.0
2063,2182,1714,
2064,655,114,11.0
2065,2358,1552,1.0
2066,1978,1628,
2067,1115,972,-1.0
2068,87,1992,
2069,1299,1694,17.0
2070,570,828,6.0
2071,711,361,16.0
2072,2291,189,-4.0
2073,2445,1778,10.0
2074,1931,230,19.0
2075,178,750,
2076,1429,774,9.0
2077,1707,295,11.0
2078,2093,517,10.0
2079,1951,1795,-3.0
2080,1201,74,9.0
2081,383,1054,-5.0
2082,708,336,6.0
2083,149,1291,4.0
2084,18,643,17.0
2085,2211,15,0.0
2086,1056,1452,2.0
2087,122,1590,14.0
2088,2487,1665,0.0
2089,1419,1037,13.0
2090,735,575,-2.0
2091,350,1904,16.0
2092,1446,1336,10.0
2093,1582,1319,-1.0
2094,2174,1959,10.0
2095,2408,1894,12.0
2096,1050,1091,19.0
2097,1675,1950,7.0
2098,37,1644,7.0
2099,2438,425,12.0
2100,438,1114,2.0
2101,2263,395,15.0
2102,175,1478,1.0
2103,1507,1612,16.0
2104,114,2000,9.0
2105,154,630,-4.0
2106,2329,1622,-2.0
2107,420,790,10.0
2108,1979,678,6.0
2109,2365,524,10.0
2110,2378,1444,19.0
2111,1625,818,17.0
2112,86,1297,11.0
2113,1224,1256,14.0
2114,1129,1696,4.0
2115,2465,173,9.0
2116,1909,1957,13.0
2117,204,707,8.0
2118,551,1817,-5.0
2119,2096,1107,15.0
2120,648,1893,19.0
2121,1843,1650,-2.0
2122,2440,1126,-4.0
2123,1265,105,17.0
2124,1232,817,2.0
2125,484,1067,-4.0
2126,722,1263,5.0
2127,2389,275,4.0
2128,1092,848,
2129,2418,1818,3.0
2130,1095,97,18.0
2131,1122,15,-2.0
2132,2018,1333,-2.0
2133,2212,229,15.0
2134,602,532,-5.0
2135,1420,1669,17.0
2136,1053,832,-2.0
2137,1539,432,-5.0
2138,523,936,-2.0
2139,2121,1816,-2.0
2140,2266,838,-5.0
2141,118,908,8.0
2142,1211,640,10.0
2143,256,1796,3.0
2144,2120,624,18.0
2145,213,683,19.0
2146,72,1997,1.0
2147,1834,1716,8.0
2148,1286,1007,-1.0
2149,1301,1429,8.0
2150,2476,1733,7.0
2151,760,1421,17.0
2152,1909,258,-4.0
2153,2480,364,17.0
2154,1111,1158,14.0
2155,210,1117,6.0
2156,893,1687,15.0
2157,1243,1507,1.0
2158,1667,330,-4.0
2159,1979,1492,15.0
2160,2298,345,12.0
2161,1804,676,4.0
2162,1043,1546,0.0
2163,1404,411,18.0
2164,1413,1415,1.0
2165,1939,562,6.0
2166,1116,789,15.0
2167,1721,86,10.0
2168,421,46,13.0
2169,80,978,14.0
2170,1909,1537,12.0
2171,438,345,16.0
2172,234,439,8.0
2173,310,248,9.0
2174,2054,53,2.0
2175,2439,1429,18.0
2176,802,1137,9.0
2177,68,990,19.0
2178,1935,1440,15.0
2179,525,995,6.0
2180,2001,239,16.0
2181,422,2013,12.0
2182,229,1831,4.0
2183,1491,1662,14.0
2184,723,1322,8.0
2185,828,793,13.0
2186,2317,1437,19.0
2187,917,765,10.0
2188,1119,1312,16.0
2189,172,11,16.0
2190,1977,156,14.0
2191,995,453,0.0
2192,1997,1792,7.0
2193,959,739,5.0
2194,250,1305,-5.0
2195,2115,52,3.0
2196,1947,1705,13.0
2197,1059,1203,-1.0
2198,381,1671,1.0
2199,1928,2013,-4.0
2200,639,1578,14.0
2201,2044,987,9.0
2202,723,876,0.0
2203,240,1647,-5.0
2204,1326,213,16.0
2205,2088,57,-1.0
2206,2203,985,-4.0
2207,1172,982,16.0
2208,718,11,15.0
2209,825,1862,8.0
2210,1036,1347,11.0
2211,2060,30,6.0
2212,1141,1500,0.0
2213,108,1385,1.0
2214,39,721,10.0
2215,1578,23,19.0
2216,48,819,7.0
2217,2395,738,-4.0
2218,1880,341,16.0
2219,835,517,16.0
2220,1571,818,11.0
2221,768,256,18.0
2222,936,1196,-1.0
2223,784,1912,-4.0
2224,18,527,15.0
2225,1760,1646,14.0
2226,810,1538,17.0
2227,1026,920,18.0
2228,1754,1718,-5.0
2229,983,1802,-5.0
2230,1084,212,2.0
2231,960,1827,5.0
2232,1727,382,6.0
2233,644,41,-2.0
2234,260,303,18.0
2235,1156,1150,1.0
2236,2103,758,19.0
2237,1107,341,7.0
2238,510,1950,
2239,1404,1789,-2.0
2240,457,477,6.0
2241,1987,1658,15.0
2242,1215,867,17.0
2243,2265,1011,12.0
2244,245,934,7.0
2245,778,1562,13.0
2246,261,1556,-3.0
2247,157,292,8.0
2248,1935,832,10.0
2249,1794,555,19.0
2250,1290,680,-4.0
2251,395,530,14.0
2252,312,918,18.0
2253,2088,205,-5.0
2254,2295,79,19.0
2255,588,528,8.0
2256,964,473,16.0
2257,604,1795,-2.0
2258,733,837,-1.0
2259,1741,923,1.0
2260,1435,1127,5.0
2261,1411,97,
2262,1251,1960,2.0
2263,1558,1638,15.0
2264,1500,1540,
2265,1469,1707,-3.0
2266,1916,614,-4.0
2267,640,820,12.0
2268,1366,248,4.0
2269,273,1844,
2270,2379,629,16.0
2271,2476,1346,9.0
2272,2348,1470,11.0
2273,809,1619,13.0
2274,234,1087,-3.0
2275,1207,179,7.0
2276,91,1216,-4.0
2277,1133,722,9.0
2278,752,1660,11.0
2279,505,952,-5.0
2280,1485,1035,8.0
2281,179,1187,-5.0
2282,2230,1931,18.0
2283,1502,417,16.0
2284,808,1602,19.0
2285,2145,1016,5.0
2286,209,1409,-3.0
2287,1449,33,7.0
2288,44,77,17.0
2289,746,1691,16.0
2290,1629,1473,3.0
2291,2184,874,9.0
2292,1976,221,3.0
2293,1565,1197,19.0
2294,938,1896,1.0
2295,220,86,19.0
2296,1007,1895,1.0
2297,1912,596,19.0
2298,1470,300,-4.0
2299,1168,1832,-4.0
2300,29,557,17.0
2301,762,1666,
2302,121,681,16.0
2303,15,436,15.0
2304,2268,1041,-5.0
2305,307,50,17.0
2306,824,504,12.0
2307,472,880,10.0
2308,1706,1705,18.0
2309,2397,1925,4.0
2310,2,948,17.0
2311,1056,432,10.0
2312,879,1882,7.0
2313,1334,781,-4.0
2314,1694,1975,-4.0
2315,2323,1186,4.0
2316,646,823,18.0
2317,2402,350,6.0
2318,442,1964,-1.0
2319,611,1961,2.0
2320,1181,2,11.0
2321,194,716,3.0
2322,425,1208,18.0
2323,2432,854,16.0
2324,1831,870,9.0
2325,825,781,7.0
2326,637,432,8.0
2327,13,372,2.0
2328,2119,857,11.0
2329,577,1960,5.0
2330,557,1639,2.0
2331,625,1468,
2332,2028,495,-5.0
2333,565,37,6.0
2334,441,533,14.0
2335,1306,274,4.0
2336,144,1525,6.0
2337,272,1869,13.0
2338,1462,1207,9.0
2339,1371,601,-3.0
2340,2042,1232,3.0
2341,1479,1133,2.0
2342,1530,762,4.0
2343,2414,575,2.0
2344,664,733,10.0
2345,1138,1724,5.0
2346,453,686,
2347,600,1040,18.0
2348,189,214,18.0
2349,1598,684,16.0
2350,1232,652,2.0
2351,484,747,12.0
2352,2193,1344,1.0
2353,1054,474,-3.0
2354,1713,1692,2.0
2355,1901,1975,-1.0
2356,1850,796,-1.0
2357,362,1111,13.0
2358,1770,615,11.0
2359,1766,1630,8.0
2360,249,868,12.0
2361,711,1958,-4.0
2362,1061,951,17.0
2363,967,398,12.0
2364,2063,1786,1.0
2365,2493,671,11.0
2366,237,63,12.0
2367,1812,1966,10.0
2368,1600,76,17.0
2369,632,1903,1.0
2370,2352,1483,12.0
2371,2274,388,6.0
2372,2351,473,10.0
2373,192,1899,8.0
2374,1709,345,1.0
2375,1297,1388,19.0
2376,435,1300,2.0
2377,1451,1480,8.0
2378,1898,1048,16.0
2379,2252,850,14.0
2380,1508,1318,
2381,627,329,-3.0
2382,2088,1432,2.0
2383,160,1009,13.0
2384,1124,325,6.0
2385,1532,432,5.0
2386,1268,1069,15.0
2387,336,1357,5.0
2388,1866,1429,-3.0
2389,1404,1865,3.0
2390,549,1730,5.0
2391,2191,1461,17.0
2392,500,1904,
2393,2313,1473,4.0
2394,1847,1288,17.0
2395,1065,1496,
2396,2084,1058,-2.0
2397,932,1162,-5.0
2398,1948,877,-2.0
2399,33,385,2.0
2400,1147,163,10.0
2401,859,361,0.0
2402,2122,1527,-5.0
2403,1180,1591,10.0
2404,1050,538,-5.0
2405,690,1604,14.0
2406,206,1375,10.0
2407,1827,1669,16.0
2408,268,599,-2.0
2409,1093,1506,19.0
2410,2080,79,-4.0
2411,133,451,8.0
2412,283,2013,0.0
2413,2215,1323,17.0
2414,1813,1575,
2415,16,231,6.0
2416,1274,411,-1.0
2417,1487,406,8.0
2418,1607,817,-1.0
2419,210,1338,12.0
2420,2257,1851,10.0
2421,526,1231,15.0
2422,297,1576,10.0
2423,586,1642,4.0
2424,473,1807,5.0
2425,1705,1312,15.0
2426,2220,1082,-1.0
2427,841,1375,-2.0
2428,1150,1524,14.0
2429,1904,56,1.0
2430,2325,1127,0.0
2431,505,1399,9.0
2432,482,1076,9.0
2433,935,1013,18.0
2434,1459,973,
2435,2314,998,4.0
2436,1824,1253,12.0
2437,2366,720,5.0
2438,600,284,12.0
2439,1144,994,-4.0
2440,1908,1120,-3.0
2441,562,1784,0.0
2442,1065,1432,-3.0
2443,1071,382,1.0
2444,1540,1701,-3.0
2445,267,702,9.0
2446,1136,1029,7.0
2447,2059,1708,
2448,1901,306,-4.0
2449,2062,981,-4.0
2450,1627,641,13.0
2451,481,1472,2.0
2452,732,1485,3.0
2453,343,1268,-4.0
2454,1097,1772,1.0
2455,1851,1480,11.0
2456,1003,1281,9.0
2457,280,143,-2.0
2458,1051,202,16.0
2459,291,1025,17.0
2460,1013,974,7.0
2461,964,1517,-3.0
2462,2070,1844,6.0
2463,1660,746,-3.0
2464,636,1536,15.0
2465,455,1381,13.0
2466,873,553,3.0
2467,610,1855,10.0
2468,2124,942,12.0
2469,2180,277,10.0
2470,2242,1985,6.0
2471,1391,751,1.0
2472,1815,2013,17.0
2473,2402,371,13.0
2474,1523,52,18.0
2475,2413,1951,6.0
2476,723,1223,5.0
2477,168,466,6.0
2478,2227,804,13.0
2479,2441,1816,15.0
2480,653,1525,11.0
2481,2305,934,9.0
2482,2380,611,4.0
2483,2186,68,-2.0
2484,1435,1273,12.0
2485,1896,1794,7.0
2486,1248,867,-1.0
2487,1625,338,
2488,272,1474,14.0
2489,825,1115,-2.0
2490,1089,825,10.0
2491,91,1855,15.0
2492,2339,1640,19.0
2493,1249,839,19.0
2494,315,766,14.0
2495,2432,297,3.0
2496,526,1375,18.0
2497,939,760,15.0
2498,1710,617,18.0
2499,2236,1250,1.0
2500,2133,263,12.0
2501,1410,569,4.0
2502,2168,685,9.0
2503,2373,126,18.0
2504,1330,93,3.0
2505,1748,1145,12.0
2506,703,904,5.0
2507,2008,1249,6.0
2508,931,1539,-4.0
2509,1018,104,3.0
2510,856,672,11.0
2511,26,1747,-3.0
2512,1897,324,8.0
2513,1819,394,-3.0
2514,275,1810,0.0
2515,936,339,5.0
2516,908,1205,17.0
2517,848,588,-3.0
2518,432,907,9.0
2519,1871,1696,2.0
2520,1824,518,-4.0
2521,1942,1702,5.0
2522,256,1847,8.0
2523,1266,1948,-3.0
2524,1950,794,4.0
2525,1658,200,12.0
2526,657,1014,12.0
2527,1516,586,6.0
2528,111,1238,16.0
2529,1292,1250,13.0
2530,2031,1133,13.0
2531,48,1139,3.0
2532,1514,256,-5.0
2533,1129,1622,19.0
2534,70,406,6.0
2535,2409,1542,-4.0
2536,858,479,-4.0
2537,1,1316,-1.0
2538,1599,1663,
2539,1000,779,18.0
2540,815,338,-5.0
2541,1070,1912,6.0
2542,80,546,-1.0
2543,2471,259,8.0
2544,477,753,2.0
2545,1586,1641,5.0
2546,1434,1651,12.0
2547,2014,1458,4.0
2548,1441,358,3.0
2549,363,1272,9.0
2550,1300,804,4.0
2551,1253,1745,-2.0
2552,333,1630,5.0
2553,584,439,
2554,681,542,11.0
2555,1406,574,12.0
2556,2315,755,11.0
2557,1591,1205,18.0
2558,1003,1131,-5.0
2559,559,1586,19.0
2560,78,2013,6.0
2561,818,160,17.0
2562,865,1144,9.0
2563,1909,880,15.0
2564,361,1024,11.0
2565,1815,1363,14.0
2566,61,1801,-3.0
2567,7,1905,1.0
2568,1295,272,-5.0
2569,521,1446,14.0
2570,213,1427,5.0
2571,1189,1886,-1.0
2572,231,804,-3.0
2573,668,779,15.0
2574,2412,500,14.0
2575,1926,591,15.0
2576,2063,1257,3.0
2577,88,191,18.0
2578,1540,1621,2.0
2579,751,1660,-4.0
2580,2275,427,
2581,1268,1610,10.0
2582,421,499,10.0
2583,2,217,-2.0
2584,431,2013,4.0
2585,1384,1313,11.0
2586,636,1073,
2587,924,179,9.0
2588,1495,690,12.0
2589,1737,1560,-4.0
2590,580,1301,2.0
2591,147,410,4.0
2592,1288,593,19.0
2593,746,1171,-5.0
2594,1354,1731,12.0
2595,1078,1485,10.0
2596,771,578,4.0
2597,2124,1961,-1.0
2598,2340,64,3.0
2599,1675,365,4.0
2600,972,1504,-1.0
2601,1774,417,1.0
2602,41,1568,0.0
2603,1864,618,
2604,1741,1525,16.0
2605,446,1689,12.0
2606,2155,1468,7.0
2607,393,1411,
2608,1364,1898,8.0
2609,1674,819,2.0
2610,41,7,16.0
2611,1028,1649,8.0
2612,2058,1213,-2.0
2613,561,793,17.0
2614,915,1879,3.0
2615,1098,254,17.0
2616,2096,1628,0.0
2617,1175,1740,-4.0
2618,1636,1544,-3.0
2619,450,1778,17.0
2620,787,1535,5.0
2621,2276,739,11.0
2622,2315,1022,-5.0
2623,2493,793,-3.0
2624,478,222,8.0
2625,1746,1471,5.0
2626,1169,416,15.0
2627,1907,228,10.0
2628,2078,1952,8.0
2629,1616,565,13.0
2630,1032,1305,3.0
2631,1193,1562,17.0
2632,922,1032,-4.0
2633,2053,197,
2634,2373,1922,-3.0
2635,750,1171,9.0
2636,2200,1987,6.0
2637,1358,1740,13.0
2638,381,1511,3.0
2639,1478,1760,8.0
2640,1351,1222,9.0
2641,1454,1271,17.0
2642,591,776,5.0
2643,1152,1211,5.0
2644,1407,133,-3.0
2645,1194,845,5.0
2646,552,159,-5.0
2647,1051,1421,-2.0
2648,2053,1142,15.0
2649,2493,385,19.0
2650,957,1582,14.0
2651,2000,1156,4.0
2652,1767,374,12.0
2653,1408,404,-5.0
2654,253,1373,15.0
2655,988,1056,-3.0
2656,179,97,19.0
2657,1407,1920,-3.0
2658,1650,1614,13.0
2659,257,1363,12.0
2660,1490,883,7.0
2661,757,387,-3.0
2662,1480,820,19.0
2663,2403,1803,17.0
2664,1168,777,12.0
2665,1778,185,13.0
2666,1507,958,2.0
2667,748,1208,8.0
2668,1746,1918,18.0
2669,798,51,-5.0
2670,2493,732,-5.0
2671,96,2,2.0
2672,344,1101,6.0
2673,715,995,2.0
2674,244,1503,5.0
2675,538,875,8.0
2676,276,1486,12.0
2677,1836,399,6.0
2678,1540,1861,2.0
2679,1114,1063,-5.0
2680,1678,546,15.0
2681,1882,742,4.0
2682,2445,1707,-1.0
2683,602,251,8.0
2684,2089,66,2.0
2685,534,1453,18.0
2686,1074,1377,6.0
2687,1636,383,-2.0
2688,272,1051,12.0
2689,2016,67,9.0
2690,1507,702,0.0
2691,1495,1856,5.0
2692,323,500,7.0
2693,1812,1922,14.0
2694,193,755,-4.0
2695,508,1436,3.0
2696,1162,1654,3.0
2697,1004,681,17.0
2698,2235,1394,-4.0
2699,2335,599,-3.0
2700,472,1633,19.0
2701,1659,1460,18.0
2702,2136,1806,4.0
2703,436,61,12.0
2704,138,1998,15.0
2705,1798,50,12.0
2706,1966,1549,-5.0
2707,1388,1220,19.0
2708,1866,1394,9.0
2709,117,1299,7.0
2710,847,216,9.0
2711,1486,1316,17.0
2712,959,1350,-2.0
2713,1087,1804,13.0
2714,1098,2013,-3.0
2715,1498,525,
2716,2430,536,1.0
2717,1053,174,19.0
2718,1186,1807,6.0
2719,1730,1454,17.0
2720,1666,882,-4.0
2721,1992,606,10.0
2722,822,608,16.0
2723,1298,35,2.0
2724,1773,914,17.0
2725,1745,1778,6.0
2726,286,1743,-4.0
2727,1288,1686,10.0
2728,1875,793,17.0
2729,1432,792,9.0
2730,1680,902,3.0
2731,633,1188,9.0
2732,566,1418,-3.0
2733,1836,1292,5.0
2734,325,1349,13.0
2735,23,404,9.0
2736,223,1061,15.0
2737,1630,1520,19.0
2738,839,530,-5.0
2739,788,1135,1.0
2740,39,488,17.0
2741,1795,225,-2.0
2742,771,1321,16.0
2743,2433,1804,-5.0
2744,1435,1889,14.0
2745,1010,1221,5.0
2746,705,329,13.0
2747,582,97,6.0
2748,1492,1472,15.0
2749,108,1182,2.0
2750,771,1518,7.0
2751,1211,1041,-1.0
2752,2306,1571,-5.0
2753,764,336,12.0
2754,352,424,-4.0
2755,1531,403,3.0
2756,276,1852,7.0
2757,283,431,7.0
2758,1719,1918,17.0
2759,319,898,9.0
2760,725,2013,14.0
2761,468,938,3.0
2762,1669,629,9.0
2763,375,1517,19.0
2764,1648,1468,1.0
2765,1098,1775,5.0
2766,1525,11,19.0
2767,1727,841,19.0
2768,150,539,17.0
2769,1830,1294,-1.0
2770,714,1635,3.0
2771,240,126,8.0
2772,611,1748,13.0
2773,1840,955,9.0
2774,236,122,10.0
2775,229,352,14.0
2776,913,368,9.0
2777,756,392,16.0
2778,308,1099,17.0
2779,1309,450,9.0
2780,1353,1029,18.0
2781,2175,1021,-2.0
2782,1996,1182,19.0
2783,922,236,13.0
2784,1249,1513,13.0
2785,736,203,-1.0
2786,29,720,-4.0
2787,2235,1817,-5.0
2788,1800,362,3.0
2789,1748,793,2.0
2790,2197,331,6.0
2791,4,574,-3.0
2792,83,321,15.0
2793,1178,1761,2.0
2794,1828,257,12.0
2795,985,376,17.0
2796,919,628,3.0
2797,476,1199,-2.0
2798,331,329,10.0
2799,349,1307,12.0
2800,1964,294,19.0
2801,468,403,4.0
2802,1752,808,11.0
2803,687,721,16.0
2804,169,1676,2.0
2805,1722,578,-4.0
2806,1778,1224,4.0
2807,1382,1057,6.0
2808,1346,1532,1.0
2809,254,1165,1.0
2810,161,43,7.0
2811,846,1685,13.0
2812,27,723,4.0
2813,2354,418,14.0
2814,2404,798,18.0
2815,987,1300,0.0
2816,1614,1106,7.0
2817,1179,1237,12.0
2818,696,1656,10.0
2819,1526,932,16.0
2820,328,775,1.0
2821,1698,1221,2.0
2822,1756,777,2.0
2823,728,1023,10.0
2824,657,45,2.0
2825,378,1554,9.0
2826,1273,1327,2.0
2827,2420,626,0.0
2828,2374,1537,-5.0
2829,467,1773,10.0
2830,1025,1870,7.0
2831,1732,1352,-2.0
2832,2329,1845,12.0
2833,1901,37,1.0
2834,628,1044,-5.0
2835,2106,1375,-1.0
2836,2477,1991,2.0
2837,2070,186,-2.0
2838,1456,632,1.0
2839,269,1065,10.0
2840,1433,934,-1.0
2841,55,300,11.0
2842,1947,377,5.0
2843,2458,235,12.0
2844,1393,1935,-1.0
2845,490,881,17.0
2846,2164,895,17.0
2847,1794,1443,19.0
2848,2132,1105,-3.0
2849,2342,27,14.0
2850,467,1045,-3.0
2851,1915,296,6.0
2852,108,758,18.0
2853,565,1580,9.0
2854,2431,877,3.0
2855,1564,858,8.0
2856,1371,1196,2.0
2857,160,773,12.0
2858,2278,1889,4.0
2859,2438,380,11.0
2860,1795,945,9.0
2861,1815,1733,15.0
2862,2377,732,-4.0
2863,33,1173,-3.0
2864,832,520,3.0
2865,2444,1858,13.0
2866,282,887,11.0
2867,139,1189,19.0
2868,2003,910,-4.0
2869,453,418,0.0
2870,1251,373,5.0
2871,2398,1132,5.0
2872,531,1017,17.0
2873,1734,1340,3.0
2874,1336,1469,10.0
2875,109,1454,18.0
2876,723,485,16.0
2877,499,1685,14.0
2878,2105,219,14.0
2879,1119,1522,8.0
2880,634,249,14.0
2881,1516,274,5.0
2882,1803,368,4.0
2883,1983,829,-4.0
2884,2302,197,1.0
2885,2193,1698,-5.0
2886,966,1874,-1.0
2887,2216,1974,9.0
2888,2187,1530,5.0
2889,2426,611,14.0
2890,269,602,12.0
2891,337,669,3.0
2892,1052,1961,-5.0
2893,1180,1884,14.0
2894,1828,710,0.0
2895,1192,90,14.0
2896,231,1338,4.0
2897,1256,722,-2.0
2898,353,1950,12.0
2899,205,673,6.0
2900,1787,959,19.0
2901,2432,1120,3.0
2902,2373,1010,11.0
2903,2118,1754,11.0
2904,562,1750,8.0
2905,1888,290,18.0
2906,176,1143,3.0
2907,721,2013,13.0
2908,393,49,7.0
2909,245,524,-3.0
2910,936,254,12.0
2911,130,150,3.0
2912,1683,1493,10.0
2913,609,1688,12.0
2914,673,312,1.0
2915,1909,665,12.0
2916,504,1474,8.0
2917,749,1665,4.0
2918,1853,202,4.0
2919,1141,1398,0.0
2920,1938,1698,-3.0
2921,898,1413,11.0
2922,2051,785,16.0
2923,902,641,-4.0
2924,1357,462,1.0
2925,1364,405,6.0
2926,2208,1030,19.0
2927,895,843,-5.0
2928,828,39,14.0
2929,2115,955,-1.0
2930,1974,660,7.0
2931,1119,852,19.0
2932,1743,1749,13.0
2933,241,2013,
2934,1851,1654,-1.0
2935,2463,1176,-1.0
2936,2269,1065,12.0
2937,715,1143,4.0
2938,1064,1626,15.0
2939,1544,323,13.0
2940,2240,806,-4.0
2941,425,1257,5.0
2942,1538,1062,
2943,1201,1308,-5.0
2944,1295,1275,0.0
2945,2045,778,8.0
2946,893,1176,18.0
2947,434,1854,
2948,1966,1640,1.0
2949,1538,1716,9.0
2950,669,368,13.0
2951,1914,1095,16.0
2952,2128,1239,1.0
2953,371,215,-3.0
2954,1119,920,5.0
2955,1213,1887,-1.0
2956,865,882,8.0
2957,122,252,-3.0
2958,834,1074,-2.0
2959,2308,1775,-1.0
2960,2309,1755,17.0
2961,557,1958,-2.0
2962,1288,837,-2.0
2963,1842,1938,-4.0
2964,548,1992,-1.0
2965,1862,355,-3.0
2966,1034,689,8.0
2967,804,1041,-2.0
2968,1860,972,10.0
2969,103,1399,18.0
2970,1135,1255,-2.0
2971,533,1622,0.0
2972,501,1910,13.0
2973,1229,1845,11.0
2974,97,1926,-2.0
2975,822,862,16.0
2976,2445,1730,19.0
2977,562,645,15.0
2978,1388,898,6.0
2979,2305,702,1.0
2980,205,99,10.0
2981,1366,901,8.0
2982,1997,415,
2983,192,1105,5.0
2984,1827,1727,5.0
2985,1148,223,-5.0
2986,2241,755,2.0
2987,2286,1354,7.0
2988,1272,1356,-2.0
2989,1845,1142,18.0
2990,225,1554,19.0
2991,773,115,13.0
2992,1246,205,14.0
2993,1625,441,0.0
2994,1996,712,-3.0
2995,57,1891,3.0
2996,520,375,13.0
2997,1426,1342,1.0
2998,873,767,17.0
2999,2443,388,
3000,958,958,9.0
3001,158,302,9.0
3002,2175,839,15.0
3003,237,917,16.0
3004,333,828,11.0
3005,625,685,9.0
3006,1568,1900,6.0
3007,910,79,13.0
3008,1961,482,-3.0
3009,2166,662,-4.0
3010,1346,193,-5.0
3011,1386,262,19.0
3012,816,1857,-2.0
3013,1254,595,18.0
3014,2469,1920,1.0
3015,1421,923,
3016,810,1930,16.0
3017,2459,127,11.0
3018,322,1207,-3.0
3019,303,2013,15.0
3020,844,674,11.0
3021,2499,1577,11.0
3022,411,1184,4.0
3023,2157,451,9.0
3024,1151,1587,3.0
3025,824,1134,11.0
3026,2219,80,-2.0
3027,1910,1447,18.0
3028,2387,1249,3.0
3029,1876,1541,0.0
3030,59,826,9.0
3031,2007,1251,
3032,507,1937,18.0
3033,669,407,16.0
3034,2496,474,2.0
3035,1579,1198,17.0
3036,1602,1648,3.0
3037,1158,391,3.0
3038,213,1129,12.0
3039,2147,62,15.0
3040,1073,7,-4.0
3041,2223,527,16.0
3042,1538,125,14.0
3043,901,1950,18.0
3044,805,1556,4.0
3045,1030,1987,-2.0
3046,528,854,0.0
3047,1740,1392,6.0
3048,728,310,7.0
3049,2121,1458,
3050,2115,1863,14.0
3051,593,607,14.0
3052,1566,433,0.0
3053,2075,1785,9.0
3054,434,818,2.0
3055,1680,259,-2.0
3056,2104,1910,-2.0
3057,267,1643,-3.0
3058,1571,448,10.0
3059,1203,247,2.0
3060,1607,558,0.0
3061,2149,1873,
3062,1301,883,7.0
3063,468,1942,10.0
3064,1541,1460,15.0
3065,2071,1061,12.0
3066,697,1661,3.0
3067,327,1084,18.0
3068,659,1987,-4.0
3069,1794,432,18.0
3070,1962,414,0.0
3071,537,1240,8.0
3072,2428,1633,11.0
3073,1968,811,9.0
3074,2027,138,
3075,850,1351,-1.0
3076,2174,976,-4.0
3077,1695,1888,6.0
3078,442,1026,-1.0
3079,829,1608,-5.0
3080,2092,2013,-4.0
3081,1383,1520,-5.0
3082,199,835,5.0
3083,1677,1492,
3084,1748,1250,5.0
3085,653,1263,-4.0
3086,308,174,1.0
3087,474,1397,1.0
3088,2284,1193,1.0
3089,2273,1028,-4.0
3090,360,599,10.0
3091,2472,1416,-3.0
3092,1015,1546,-4.0
3093,667,512,-1.0
3094,2383,1137,-3.0
3095,899,1126,0.0
3096,2143,517,
3097,315,74,-1.0
3098,488,602,12.0
3099,1399,1137,2.0
3100,1042,1104,
3101,687,1657,16.0
3102,1992,443,-4.0
3103,2269,442,7.0
3104,1445,407,11.0
3105,37,317,0.0
3106,1965,913,-4.0
3107,1768,1308,14.0
3108,1513,146,6.0
3109,1024,820,10.0
3110,1951,570,-2.0
3111,2253,681,
3112,2319,1739,7.0
3113,2230,1762,8.0
3114,1733,494,3.0
3115,1834,591,
3116,631,769,8.0
3117,2329,353,5.0
3118,2033,1097,4.0
3119,2341,1644,1.0
3120,2185,657,19.0
3121,197,463,0.0
3122,1719,1284,11.0
3123,1838,1125,7.0
3124,455,302,9.0
3125,1119,838,18.0
3126,7,1542,-2.0
3127,2437,339,18.0
3128,1972,407,-3.0
3129,677,1630,5.0
3130,1852,120,16.0
3131,1316,1409,14.0
3132,987,1533,14.0
3133,513,2013,-4.0
3134,1530,701,5.0
3135,718,1942,-2.0
3136,2492,1217,
3137,476,891,11.0
3138,904,1849,15.0
3139,1005,420,11.0
3140,41,1049,7.0
3141,2427,1552,7.0
3142,1899,922,13.0
3143,1956,732,-3.0
3144,2141,517,4.0
3145,2413,1904,10.0
3146,1265,1174,14.0
3147,258,782,-5.0
3148,990,457,17.0
3149,1839,1486,14.0
3150,916,592,17.0
3151,30,639,-1.0
3152,1106,990,-5.0
3153,2334,736,10.0
3154,1902,838,5.0
3155,355,1809,-2.0
3156,1338,1281,-1.0
3157,1859,146,10.0
3158,535,1611,6.0
3159,941,1035,6.0
3160,1430,604,-2.0
3161,2353,780,17.0
3162,2423,162,11.0
3163,253,592,3.0
3164,1968,1014,0.0
3165,1599,1738,2.0
3166,816,762,2.0
3167,893,757,19.0
3168,667,1902,15.0
3169,480,1278,2.0
3170,2105,615,2.0
3171,780,904,9.0
3172,1490,1242,8.0
3173,850,1002,0.0
3174,572,1834,4.0
3175,772,746,2.0
3176,1506,142,15.0
3177,1899,947,4.0
3178,1085,393,2.0
3179,244,241,-3.0
3180,2463,83,-2.0
3181,1136,1378,5.0
3182,724,879,7.0
3183,1040,1446,-3.0
3184,2411,128,15.0
3185,1263,1949,15.0
3186,1434,797,-1.0
3187,1193,1052,6.0
3188,332,1776,6.0
3189,1014,1265,12.0
3190,1304,1368,19.0
3191,1016,1116,17.0
3192,837,106,6.0
3193,1462,1772,18.0
3194,2146,1146,12.0
3195,1852,1100,4.0
3196,1901,339,1.0
3197,2059,262,-3.0
3198,1609,770,-1.0
3199,2262,565,17.0
3200,2088,256,6.0
3201,439,882,8.0
3202,2479,359,7.0
3203,445,1311,3.0
3204,1744,37,4.0
3205,1610,696,-5.0
3206,34,1654,0.0
3207,62,1501,0.0
3208,1103,680,-4.0
3209,1197,1676,10.0
3210,2355,761,19.0
3211,353,567,-1.0
3212,1082,1761,8.0
3213,2171,1721,10.0
3214,1629,367,3.0
3215,3,685,5.0
3216,1290,25,10.0
3217,815,682,14.0
3218,1947,1170,6.0
3219,253,670,
3220,1112,786,15.0
3221,310,1671,-1.0
3222,532,1615,15.0
3223,1667,1310,19.0
3224,197,1413,11.0
3225,1411,197,2.0
3226,936,417,17.0
3227,1990,6,-5.0
3228,463,1328,-4.0
3229,1403,872,-5.0
3230,1734,388,14.0
3231,23,1677,3.0
3232,1822,1011,-5.0
3233,1584,1642,-3.0
3234,1237,794,10.0
3235,813,1969,5.0
3236,37,1556,1.0
3237,406,672,14.0
3238,1794,1248,7.0
3239,1038,626,0.0
3240,530,1509,17.0
3241,1202,1644,6.0
3242,783,250,0.0
3243,386,1985,18.0
3244,119,985,-4.0
3245,1899,1497,-5.0
3246,1354,693,1.0
3247,2080,65,13.0
3248,748,1667,8.0
3249,1337,1895,-2.0
3250,2294,1429,10.0
3251,2365,299,8.0
3252,853,793,17.0
3253,816,1524,12.0
3254,296,1877,1.0
3255,2116,1391,-2.0
3256,864,963,19.0
3257,56,1512,-5.0
3258,2100,733,13.0
3259,1441,1955,18.0
3260,982,598,17.0
3261,1810,151,12.0
3262,1435,1805,15.0
3263,128,1506,1.0
3264,1469,23,
3265,2073,1087,10.0
3266,61,611,11.0
3267,388,1619,15.0
3268,671,527,13.0
3269,1787,1141,-5.0
3270,800,1487,10.0
3271,664,1268,14.0
3272,2363,1818,1.0
3273,1909,1895,1.0
3274,1628,1475,9.0
3275,1227,505,-4.0
3276,2248,1361,7.0
3277,1910,606,-4.0
3278,1941,1597,11.0
3279,2164,1692,
3280,2003,290,9.0
3281,1706,1680,8.0
3282,1525,1451,19.0
3283,2457,233,10.0
3284,565,651,5.0
3285,1417,1688,6.0
3286,170,1495,3.0
3287,244,1433,1.0
3288,1085,229,5.0
3289,1952,589,13.0
3290,2123,1939,18.0
3291,1529,1005,-2.0
3292,370,290,-1.0
3293,2174,1398,15.0
3294,1176,1858,-4.0
3295,2164,1224,10.0
3296,1504,1157,3.0
3297,860,1611,9.0
3298,1633,322,16.0
3299,1622,1894,8.0
3300,193,694,10.0
3301,355,1790,0.0
3302,58,992,-5.0
3303,1228,1816,12.0
3304,120,588,9.0
3305,1489,742,14.0
3306,2256,336,6.0
3307,827,179,18.0
3308,772,1688,2.0
3309,1647,434,3.0
3310,1660,873,-5.0
3311,681,438,10.0
3312,572,785,
3313,1342,480,6.0
3314,135,468,9.0
3315,351,1521,2.0
3316,574,419,-2.0
3317,1655,542,-1.0
3318,1856,175,15.0
3319,200,1322,8.0
3320,2291,278,1.0
3321,1166,31,9.0
3322,1881,51,13.0
3323,1828,1701,15.0
3324,1013,984,8.0
3325,1521,856,1.0
3326,2138,1933,0.0
3327,1816,601,-4.0
3328,1045,636,18.0
3329,303,159,19.0
3330,325,1124,3.0
3331,783,1166,19.0
3332,1951,117,12.0
3333,1754,1492,9.0
3334,2308,39,9.0
3335,1196,348,4.0
3336,626,985,-3.0
3337,445,1190,-2.0
3338,83,1131,-4.0
3339,154,843,16.0
3340,434,786,1.0
3341,417,1575,19.0
3342,1854,1619,-5.0
3343,2150,1528,6.0
3344,1880,1347,17.0
3345,2015,1833,-1.0
3346,162,1838,10.0
3347,642,1969,-3.0
3348,299,1526,5.0
3349,2376,1179,
3350,1457,1146,-1.0
3351,533,1047,0.0
3352,2474,35,-2.0
3353,1383,1254,6.0
3354,2172,491,4.0
3355,737,141,3.0
3356,2027,1406,-5.0
3357,2221,1306,4.0
3358,739,206,0.0
3359,1442,1187,8.0
3360,2208,1449,5.0
3361,1143,134,8.0
3362,961,1003,5.0
3363,871,584,-4.0
3364,89,564,17.0
3365,692,1512,19.0
3366,2498,1589,16.0
3367,2180,1519,9.0
3368,1616,1487,4.0
3369,2111,904,19.0
3370,1832,1711,5.0
3371,108,80,2.0
3372,1720,1117,15.0
3373,1620,64,2.0
3374,1411,1570,-1.0
3375,2369,510,18.0
3376,1006,1309,8.0
3377,1918,1443,10.0
3378,307,816,17.0
3379,281,714,15.0
3380,208,1652,18.0
3381,809,193,7.0
3382,740,453,
3383,1670,1475,1.0
3384,919,1383,-1.0
3385,166,1024,9.0
3386,1085,1010,18.0
3387,2051,398,5.0
3388,2025,174,18.0
3389,647,1051,11.0
3390,2394,1966,2.0
3391,1484,413,4.0
3392,2482,1281,18.0
3393,956,1874,17.0
3394,961,643,0.0
3395,705,538,
3396,2401,405,13.0
3397,2110,1654,1.0
3398,508,1816,14.0
3399,2101,301,18.0
3400,1545,628,-1.0
3401,1665,751,7.0
3402,399,724,-3.0
3403,1881,1437,
3404,1132,1042,10.0
3405,804,1667,0.0
3406,2442,947,16.0
3407,1586,1920,2.0
3408,69,623,10.0
3409,98,128,11.0
3410,1639,114,4.0
3411,16,1761,11.0
3412,1103,146,4.0
3413,1767,933,1.0
3414,2458,888,5.0
3415,1987,1215,-3.0
3416,1235,981,2.0
3417,184,620,-3.0
3418,1944,1555,7.0
3419,2243,1175,0.0
3420,40,1876,11.0
3421,703,1719,-4.0
3422,1339,792,1.0
3423,2109,467,0.0
3424,1716,154,-5.0
3425,2084,225,4.0
3426,1252,504,17.0
3427,543,566,14.0
3428,1147,1635,-5.0
3429,2311,1625,19.0
3430,2171,673,8.0
3431,2266,1081,-3.0
3432,1370,1658,3.0
3433,276,1905,
3434,929,393,2.0
3435,913,101,1.0
3436,1509,1856,4.0
3437,2054,1765,19.0
3438,2171,203,9.0
3439,1110,1621,13.0
3440,1766,59,18.0
3441,362,1233,-4.0
3442,41,16,14.0
3443,1754,901,4.0
3444,1372,1580,-2.0
3445,114,1582,9.0
3446,1901,766,0.0
3447,2248,906,-3.0
3448,1159,1357,6.0
3449,2247,1519,-5.0
3450,157,570,18.0
3451,1347,582,3.0
3452,1936,741,17.0
3453,1535,1344,3.0
3454,850,1232,0.0
3455,44,838,-3.0
3456,1741,733,3.0
3457,2371,1407,8.0
3458,222,1596,11.0
3459,2307,281,11.0
3460,602,1879,12.0
3461,615,779,5.0
3462,994,1373,14.0
3463,1287,853,
3464,27,319,11.0
3465,1031,896,17.0
3466,1288,666,8.0
3467,2404,1065,10.0
3468,1245,309,14.0
3469,1178,997,10.0
3470,276,715,5.0
3471,221,1766,-5.0
3472,1615,152,10.0
3473,51,849,16.0
3474,842,1481,0.0
3475,240,456,
3476,128,94,-5.0
3477,2277,1415,1.0
3478,1371,640,2.0
3479,2243,1253,15.0
3480,101,1521,4.0
3481,712,1495,1.0
3482,162,585,2.0
3483,393,83,7.0
3484,1210,1772,8.0
3485,1105,192,
3486,1720,2013,
3487,749,880,
3488,1750,46,-4.0
3489,2129,462,19.0
3490,1725,1587,-1.0
3491,201,732,6.0
3492,703,611,19.0
3493,682,967,-2.0
3494,883,1926,-5.0
3495,2270,798,2.0
3496,2065,101,15.0
3497,238,656,14.0
3498,2394,235,19.0
3499,1269,1911,19.0
3500,2498,1337,
3501,1328,961,11.0
3502,1137,1386,18.0
3503,2465,829,3.0
3504,1830,1809,14.0
3505,257,959,5.0
3506,2103,245,11.0
3507,2487,248,17.0
3508,1162,1015,15.0
3509,1396,263,-1.0
3510,1631,1187,15.0
3511,24,1657,3.0
3512,92,1221,1.0
3513,496,1883,12.0
3514,2141,1566,9.0
3515,379,684,19.0
3516,1029,618,10.0
3517,433,483,10.0
3518,1116,208,14.0
3519,311,1926,7.0
3520,2094,976,-1.0
3521,762,1592,-4.0
3522,1480,136,13.0
3523,2272,1405,-1.0
3524,2215,223,-5.0
3525,999,1044,-5.0
3526,406,1481,10.0
3527,2366,286,11.0
3528,1221,446,1.0
3529,1866,1357,4.0
3530,933,1050,-2.0
3531,663,1602,-2.0
3532,1760,573,7.0
3533,1752,1469,7.0
3534,1924,557,-3.0
3535,1013,814,5.0
3536,1062,792,12.0
3537,1035,333,14.0
3538,1434,115,5.0
3539,1526,1040,12.0
3540,551,1362,8.0
3541,2104,144,5.0
3542,1953,834,7.0
3543,112,641,5.0
3544,148,586,1.0
3545,1332,2013,4.0
3546,1325,1038,0.0
3547,781,209,0.0
3548,59,978,12.0
3549,2371,647,5.0
3550,1461,1045,15.0
3551,1425,1885,9.0
3552,455,1115,18.0
3553,378,1585,12.0
3554,557,900,2.0
3555,2351,1548,3.0
3556,1230,1046,-3.0
3557,1888,1896,9.0
3558,753,1698,
3559,1434,410,8.0
3560,880,1180,18.0
3561,1488,915,-4.0
3562,316,1183,12.0
3563,1537,782,-5.0
3564,1242,87,-4.0
3565,1723,1361,7.0
3566,606,407,7.0
3567,41,2013,8.0
3568,344,520,6.0
3569,678,678,19.0
3570,931,10,15.0
3571,659,30,
3572,1461,775,-4.0
3573,2424,1282,-4.0
3574,2282,278,8.0
3575,1358,1157,16.0
3576,860,1987,1.0
3577,900,1481,-2.0
3578,1903,1221,5.0
3579,1881,568,1.0
3580,1783,276,-5.0
3581,2295,477,7.0
3582,732,198,2.0
3583,2406,1348,10.0
3584,393,484,13.0
3585,692,1209,10.0
3586,2386,1557,7.0
3587,1092,1041,1.0
3588,612,79,17.0
3589,1014,27,13.0
3590,1443,1703,-1.0
3591,591,1363,-4.0
3592,2237,747,3.0
3593,166,1987,10.0
3594,1590,476,15.0
3595,159,111,-2.0
3596,1073,1750,4.0
3597,224,371,
3598,2241,369,-5.0
3599,1072,1734,1.0
3600,105,1503,-3.0
3601,962,709,5.0
3602,281,13,7.0
3603,21,625,11.0
3604,1818,610,4.0
3605,1896,1842,2.0
3606,1440,1674,2.0
3607,174,568,13.0
3608,753,1128,13.0
3609,261,232,12.0
3610,168,172,18.0
3611,565,1564,3.0
3612,221,469,14.0
3613,1363,1829,14.0
3614,872,1316,6.0
3615,797,1976,7.0
3616,1131,1628,-1.0
3617,555,1229,
3618,2191,1849,-1.0
3619,1626,548,-2.0
3620,2401,129,18.0
3621,228,1195,
3622,1120,905,17.0
3623,498,497,14.0
3624,1025,363,-4.0
3625,2227,874,9.0
3626,2209,977,
3627,1562,195,8.0
3628,1962,1907,-2.0
3629,310,544,6.0
3630,2093,1655,19.0
3631,1691,380,0.0
3632,212,995,2.0
3633,1544,1606,3.0
3634,1882,1338,3.0
3635,1547,1460,10.0
3636,2389,198,3.0
3637,200,1369,17.0
3638,1658,284,13.0
3639,302,231,2.0
3640,140,1729,1.0
3641,747,680,
3642,13,464,7.0
3643,372,916,-1.0
3644,1450,1624,14.0
3645,1013,975,12.0
3646,2150,115,1.0
3647,1417,1674,0.0
3648,1668,76,16.0
3649,874,1470,4.0
3650,1524,293,9.0
3651,1079,1763,18.0
3652,2144,1852,11.0
3653,1337,1627,7.0
3654,2471,77,-5.0
3655,668,1374,14.0
3656,666,1395,18.0
3657,505,323,15.0
3658,1637,1204,3.0
3659,354,1443,13.0
3660,2070,368,0.0
3661,173,1726,16.0
3662,2497,396,-2.0
3663,1376,754,12.0
3664,1519,541,0.0
3665,1170,286,4.0
3666,1291,1686,-3.0
3667,995,1361,8.0
3668,388,309,18.0
3669,34,219,-4.0
3670,304,790,13.0
3671,83,956,3.0
3672,1584,817,
3673,484,945,9.0
3674,1430,391,7.0
3675,367,46,6.0
3676,2368,11,11.0
3677,2097,16,10.0
3678,1719,1206,-3.0
3679,1628,1721,0.0
3680,2319,2013,18.0
3681,479,1075,4.0
3682,1663,2013,-1.0
3683,2394,1512,
3684,1923,421,12.0
3685,1927,1283,2.0
3686,212,1315,10.0
3687,913,625,-4.0
3688,2128,1830,14.0
3689,112,1386,3.0
3690,278,1591,17.0
3691,2447,2013,13.0
3692,1594,294,-5.0
3693,1852,2013,16.0
3694,2380,886,3.0
3695,167,162,
3696,899,523,1.0
3697,2492,1231,-3.0
3698,1432,270,-5.0
3699,1463,1005,7.0
3700,514,337,8.0
3701,407,1557,15.0
3702,983,1436,-5.0
3703,712,1643,12.0
3704,1644,1126,1.0
3705,1164,1878,9.0
3706,201,1021,-5.0
3707,2285,572,16.0
3708,1537,546,1.0
3709,1891,1089,14.0
3710,1590,1239,14.0
3711,958,1796,-4.0
3712,519,361,8.0
3713,2460,747,15.0
3714,752,1336,1.0
3715,1798,1094,8.0
3716,702,1872,14.0
3717,12,1034,18.0
3718,172,1827,
3719,311,216,18.0
3720,1119,1788,1.0
3721,2293,1930,-3.0
3722,2005,844,4.0
3723,338,191,6.0
3724,1798,1633,
3725,64,219,2.0
3726,721,1433,4.0
3727,1571,1226,11.0
3728,2059,1405,3.0
3729,791,1241,17.0
3730,1337,1824,4.0
3731,1105,106,9.0
3732,2418,56,-2.0
3733,1189,1178,15.0
3734,80,1092,1.0
3735,1053,1481,10.0
3736,1692,1947,2.0
3737,1642,1737,8.0
3738,984,1516,14.0
3739,2322,602,1.0
3740,2289,1035,8.0
3741,1253,437,0.0
3742,665,1638,3.0
3743,2404,800,8.0
3744,1519,699,10.0
3745,2352,414,-2.0
3746,2391,231,14.0
3747,2226,137,-3.0
3748,1994,1547,7.0
3749,1355,1879,18.0
3750,1065,401,18.0
3751,261,2013,10.0
3752,1286,779,-2.0
3753,387,569,-3.0
3754,301,982,16.0
3755,1254,2013,19.0
3756,1725,480,18.0
3757,1136,585,1.0
3758,2411,849,17.0
3759,2224,1077,15.0
3760,408,601,
3761,410,1788,-4.0
3762,177,208,3.0
3763,1752,110,-3.0
3764,900,737,19.0
3765,49,1474,4.0
3766,1994,171,12.0
3767,282,807,9.0
3768,469,1066,10.0
3769,1235,716,
3770,1022,1003,6.0
3771,296,930,6.0
3772,1043,1689,-5.0
3773,654,590,9.0
3774,1171,905,17.0
3775,1113,1403,-5.0
3776,847,1758,2.0
3777,240,1533,10.0
3778,1905,1932,10.0
3779,899,778,-3.0
3780,1773,216,13.0
3781,1120,1698,8.0
3782,182,588,3.0
3783,193,538,
3784,2418,547,10.0
3785,1612,77,-5.0
3786,493,723,1.0
3787,2418,1976,12.0
3788,2164,1997,5.0
3789,1326,1848,-3.0
3790,846,982,
3791,121,1072,6.0
3792,1684,1047,2.0
3793,958,65,-3.0
3794,1999,520,-4.0
3795,731,493,1.0
3796,1854,743,6.0
3797,79,1525,7.0
3798,979,1397,13.0
3799,140,1762,18.0
3800,1560,141,14.0
3801,821,1772,16.0
3802,740,1201,5.0
3803,289,1791,7.0
3804,1861,1129,2.0
3805,2377,1674,14.0
3806,872,1155,-1.0
3807,1998,540,13.0
3808,2148,1051,14.0
3809,1287,1365,
3810,372,1547,1.0
3811,1853,1240,16.0
3812,544,1036,-1.0
3813,725,1031,3.0
3814,497,1706,6.0
3815,2383,864,-2.0
3816,2078,1930,-3.0
3817,1284,829,5.0
3818,1570,1600,16.0
3819,1161,284,12.0
3820,2364,410,19.0
3821,460,861,16.0
3822,1432,859,13.0
3823,1651,692,-4.0
3824,2295,458,3.0
3825,1334,900,4.0
3826,179,106,13.0
3827,278,1174,0.0
3828,1317,266,3.0
3829,307,900,13.0
3830,1097,2013,19.0
3831,373,191,12.0
3832,726,1266,14.0
3833,434,1623,13.0
3834,1744,1219,17.0
3835,1858,88,-2.0
3836,1068,1391,
3837,1394,1509,11.0
3838,1815,1950,7.0
3839,2109,361,-3.0
3840,1659,116,15.0
3841,22,844,15.0
3842,515,789,-2.0
3843,1722,1456,1.0
3844,683,491,4.0
3845,994,785,7.0
3846,2039,963,-2.0
3847,1373,1487,1.0
3848,1589,1380,16.0
3849,2030,480,16.0
3850,673,1545,
3851,224,1448,5.0
3852,537,1778,10.0
3853,2354,1408,18.0
3854,2034,1238,19.0
3855,303,996,6.0
3856,1380,1760,19.0
3857,578,1723,0.0
3858,1293,1861,-1.0
3859,2063,2013,7.0
3860,2301,1961,-5.0
3861,1109,708,9.0
3862,2211,944,13.0
3863,1261,701,2.0
3864,1106,261,5.0
3865,774,7,-5.0
3866,590,459,-5.0
3867,2450,871,6.0
3868,148,1926,10.0
3869,1584,669,2.0
3870,2008,1971,8.0
3871,2177,28,1.0
3872,2167,825,12.0
3873,1294,1855,16.0
3874,416,422,7.0
3875,1601,723,7.0
3876,178,561,3.0
3877,1201,492,18.0
3878,1875,1804,16.0
3879,577,1709,12.0
3880,1434,1382,-3.0
3881,742,2013,-3.0
3882,1089,1505,8.0
3883,1777,301,3.0
3884,2444,1413,10.0
3885,2231,65,19.0
3886,2312,931,-1.0
3887,1725,163,7.0
3888,2075,1903,15.0
3889,1275,1135,2.0
3890,508,671,13.0
3891,1996,1270,3.0
3892,703,1828,15.0
3893,2176,424,3.0
3894,828,611,4.0
3895,2467,424,3.0
3896,1680,701,6.0
3897,824,1548,6.0
3898,1694,1271,5.0
3899,1253,722,14.0
3900,893,732,12.0
3901,789,1805,1.0
3902,1960,414,-5.0
3903,1078,552,1.0
3904,1556,913,-5.0
3905,202,73,8.0
3906,223,1383,7.0
3907,1153,406,15.0
3908,2378,1592,7.0
3909,1682,830,11.0
3910,1764,569,2.0
3911,1465,655,11.0
3912,2038,1373,7.0
3913,2176,1400,16.0
3914,2046,1590,11.0
3915,2046,656,9.0
3916,470,1748,-4.0
3917,2209,1768,7.0
3918,1473,408,14.0
3919,515,592,2.0
3920,882,883,-3.0
3921,2011,720,18.0
3922,1051,1914,1.0
3923,369,1433,16.0
3924,1917,1151,11.0
3925,1037,942,0.0
3926,2171,695,0.0
3927,715,1904,18.0
3928,715,1921,5.0
3929,676,434,0.0
3930,1210,1147,-4.0
3931,2368,1202,-3.0
3932,1458,1953,
3933,1324,1777,-3.0
3934,1500,1140,-5.0
3935,1211,839,1.0
3936,1727,1766,15.0
3937,2091,493,10.0
3938,1221,860,19.0
3939,1227,1692,10.0
3940,1803,1184,17.0
3941,189,600,11.0
3942,847,1544,-5.0
3943,473,812,12.0
3944,273,96,1.0
3945,949,1052,17.0
3946,1114,1148,3.0
3947,270,880,-3.0
3948,1144,1731,10.0
3949,567,1671,-3.0
3950,1215,1024,
3951,1307,1158,0.0
3952,859,477,13.0
3953,1781,557,18.0
3954,1750,14,8.0
3955,798,173,-3.0
3956,359,1723,0.0
3957,380,936,11.0
3958,2215,1619,-2.0
3959,616,686,16.0
3960,570,315,15.0
3961,1228,1881,-2.0
3962,126,1829,4.0
3963,345,1106,9.0
3964,669,1988,11.0
3965,767,1601,14.0
3966,540,1377,11.0
3967,2259,1948,5.0
3968,2314,1065,-2.0
3969,970,1875,7.0
3970,2302,1121,13.0
3971,1212,783,8.0
3972,30,1261,17.0
3973,967,343,5.0
3974,1820,989,16.0
3975,788,1703,0.0
3976,2016,462,10.0
3977,1932,990,5.0
3978,30,194,13.0
3979,161,333,0.0
3980,1447,1000,6.0
3981,2395,1308,13.0
3982,1246,1439,17.0
3983,1212,652,12.0
3984,1535,269,8.0
3985,1906,515,3.0
3986,509,575,4.0
3987,57,1565,9.0
3988,1091,1395,12.0
3989,28,1088,11.0
3990,1949,1118,14.0
3991,2280,1356,7.0
3992,1996,1877,18.0
3993,1402,1150,10.0
3994,659,1858,1.0
3995,691,2013,0.0
3996,1623,1714,7.0
3997,2124,1232,6.0
3998,2393,1376,17.0
3999,590,732,9.0
4000,1759,1993,-2.0
4001,1387,502,18.0
4002,1987,1681,6.0
4003,2191,2013,14.0
4004,1662,56,4.0
4005,821,2013,
4006,937,723,8.0
4007,2417,519,8.0
4008,1977,932,15.0
4009,253,1320,19.0
4010,960,1281,1.0
4011,1151,1194,4.0
4012,897,164,4.0
4013,352,881,16.0
4014,2169,1831,12.0
4015,374,1913,16.0
4016,2389,129,11.0
4017,2079,752,12.0
4018,1369,1752,8.0
4019,2017,191,-1.0
4020,204,1610,1.0
4021,1396,843,11.0
4022,412,1894,-4.0
4023,1252,1878,-2.0
4024,823,824,3.0
4025,904,415,2.0
4026,1056,1281,19.0
4027,2035,553,-2.0
4028,346,651,5.0
4029,1221,262,1.0
4030,747,947,5.0
4031,294,192,
4032,2170,1261,6.0
4033,1660,1745,2.0
4034,375,78,1.0
4035,966,352,18.0
4036,16,404,19.0
4037,438,1909,16.0
4038,2397,1796,7.0
4039,210,763,-2.0
4040,2208,1959,13.0
4041,1309,1071,-3.0
4042,1105,918,5.0
4043,2429,349,0.0
4044,1861,810,10.0
4045,861,1637,18.0
4046,387,1485,2.0
4047,1459,975,5.0
4048,1604,803,18.0
4049,1068,153,3.0
4050,662,1651,-5.0
4051,1194,2013,
4052,75,1331,4.0
4053,1196,268,3.0
4054,1006,1678,7.0
4055,1461,936,12.0
4056,1691,1312,10.0
4057,647,306,-2.0
4058,495,1092,0.0
4059,1483,285,14.0
4060,2233,543,3.0
4061,729,1504,
4062,2000,24,6.0
4063,2325,1035,-5.0
4064,2041,639,3.0
4065,1465,1310,4.0
4066,691,1009,11.0
4067,621,787,-5.0
4068,1951,1700,15.0
4069,2446,774,-5.0
4070,1922,130,4.0
4071,2332,743,3.0
4072,1926,380,16.0
4073,2279,1811,3.0
4074,1683,1454,-1.0
4075,2324,240,16.0
4076,479,1576,-4.0
4077,347,146,8.0
4078,172,1897,
4079,543,1316,10.0
4080,1873,1966,10.0
4081,979,1336,3.0
4082,544,308,13.0
4083,202,1846,15.0
4084,539,824,18.0
4085,2431,885,15.0
4086,1800,1654,14.0
4087,1418,626,14.0
4088,1605,532,15.0
4089,882,229,13.0
4090,2294,513,4.0
4091,2164,1815,5.0
4092,1141,806,
4093,849,1044,-1.0
4094,1456,260,14.0
4095,2173,1779,10.0
4096,33,892,13.0
4097,473,1009,6.0
4098,1989,614,11.0
4099,763,197,-4.0
4100,1459,390,3.0
4101,1728,703,12.0
4102,1914,346,-4.0
4103,23,641,15.0
4104,995,1152,4.0
4105,1106,114,3.0
4106,2251,959,-3.0
4107,1930,1231,
4108,1380,848,-2.0
4109,2249,1879,7.0
4110,1386,1129,13.0
4111,385,726,15.0
4112,912,1974,6.0
4113,1043,709,6.0
4114,844,1195,17.0
4115,695,261,9.0
4116,1598,1990,17.0
4117,121,1346,6.0
4118,1159,1802,-4.0
4119,2303,1910,6.0
4120,1388,1188,1.0
4121,1358,1262,1.0
4122,6,675,12.0
4123,2270,941,19.0
4124,882,1559,
4125,2019,1726,6.0
4126,1997,1327,12.0
4127,2100,912,0.0
4128,1279,165,2.0
4129,742,1962,19.0
4130,2397,419,11.0
4131,2318,1264,9.0
4132,2453,552,
4133,1671,1552,1.0
4134,1597,197,
4135,618,1291,19.0
4136,1852,1075,7.0
4137,399,1757,6.0
4138,2389,1392,10.0
4139,1624,1390,19.0
4140,7,1483,13.0
4141,2072,238,4.0
4142,569,1360,17.0
4143,727,1369,10.0
4144,2368,946,6.0
4145,537,323,-3.0
4146,1480,707,-2.0
4147,1442,1089,18.0
4148,483,12,-5.0
4149,1110,903,-2.0
4150,802,939,
4151,1948,1005,-3.0
4152,1793,1838,12.0
4153,1388,1376,18.0
4154,1061,1814,16.0
4155,286,1356,12.0
4156,507,902,2.0
4157,626,1574,2.0
4158,1212,167,1.0
4159,130,1766,2.0
4160,1948,2013,19.0
4161,2352,617,10.0
4162,536,1621,-3.0
4163,227,1214,9.0
4164,1736,1116,12.0
4165,658,667,5.0
4166,1812,1841,17.0
4167,2372,881,-4.0
4168,2056,1551,13.0
4169,56,1825,10.0
4170,1597,96,0.0
4171,274,814,3.0
4172,1121,226,9.0
4173,1851,1524,3.0
4174,1122,1654,4.0
4175,1235,1223,-4.0
4176,1578,653,9.0
4177,565,693,-5.0
4178,1057,167,0.0
4179,2325,1970,17.0
4180,1468,1990,18.0
4181,1678,1139,7.0
4182,427,828,14.0
4183,296,905,1.0
4184,562,1130,19.0
4185,110,890,11.0
4186,862,4,13.0
4187,1344,245,15.0
4188,2162,1884,17.0
4189,1687,1813,15.0
4190,549,1164,11.0
4191,1608,1101,-5.0
4192,2186,894,11.0
4193,883,50,18.0
4194,280,653,1.0
4195,177,692,-3.0
4196,746,1015,-2.0
4197,2290,1499,8.0
4198,1601,348,18.0
4199,2129,978,6.0
4200,1820,485,1.0
4201,13,208,17.0
4202,1721,1653,8.0
4203,444,661,16.0
4204,138,1207,19.0
4205,1217,1546,16.0
4206,2439,974,7.0
4207,831,631,11.0
4208,1504,92,-1.0
4209,1653,669,2.0
4210,455,1135,5.0
4211,550,395,16.0
4212,2358,1054,9.0
4213,1581,1704,
4214,488,1499,9.0
4215,368,177,19.0
4216,1193,1667,
4217,173,513,7.0
4218,1243,1312,
4219,588,1319,
4220,1615,1621,12.0
4221,1236,130,6.0
4222,238,1738,9.0
4223,1341,1695,-1.0
4224,2059,2013,13.0
4225,2449,135,2.0
4226,2251,773,-2.0
4227,516,413,17.0
4228,857,1988,-1.0
4229,2229,1582,16.0
4230,2479,1208,17.0
4231,735,3,2.0
4232,413,141,13.0
4233,2377,1091,13.0
4234,2179,1096,-4.0
4235,1796,1714,0.0
4236,1961,1139,12.0
4237,662,900,11.0
4238,371,426,11.0
4239,456,1635,19.0
4240,25,588,11.0
4241,1018,1304,9.0
4242,1412,1382,1.0
4243,309,275,-1.0
4244,2227,1783,16.0
4245,2254,1124,19.0
4246,5,995,13.0
4247,178,82,16.0
4248,315,808,1.0
4249,917,760,-4.0
4250,1687,1663,9.0
4251,1617,1280,16.0
4252,2179,802,8.0
4253,1249,1753,0.0
4254,2354,636,15.0
4255,310,1031,1.0
4256,262,75,3.0
4257,438,1574,17.0
4258,522,915,-4.0
4259,1693,1763,14.0
4260,1467,1837,-5.0
4261,1198,1684,
4262,1420,475,19.0
4263,230,223,6.0
4264,2205,1753,
4265,334,1912,18.0
4266,1329,1154,18.0
4267,299,549,5.0
4268,2061,31,6.0
4269,701,239,12.0
4270,383,1578,-1.0
4271,175,1286,-5.0
4272,2451,1646,19.0
4273,643,981,15.0
4274,1656,1673,-5.0
4275,680,714,17.0
4276,268,598,3.0
4277,675,479,-5.0
4278,340,1205,6.0
4279,1858,907,11.0
4280,1051,374,10.0
4281,1941,1619,11.0
4282,1907,1385,1.0
4283,2183,972,-3.0
4284,1505,500,19.0
4285,1041,230,3.0
4286,628,1296,17.0
4287,806,1037,-3.0
4288,2466,1446,10.0
4289,1085,1933,10.0
4290,1804,399,4.0
4291,2194,1042,2.0
4292,1520,1424,10.0
4293,1030,169,10.0
4294,863,1074,0.0
4295,1274,106,-2.0
4296,432,1132,18.0
4297,2392,197,9.0
4298,618,1243,-3.0
4299,779,1152,11.0
4300,1441,1730,9.0
4301,533,41,14.0
4302,2048,1394,3.0
4303,487,1656,17.0
4304,55,539,7.0
4305,2225,699,-5.0
4306,1772,1345,6.0
4307,1887,383,
4308,988,142,8.0
4309,1142,931,-5.0
4310,1830,279,16.0
4311,1442,1515,4.0
4312,202,22,8.0
4313,864,1563,19.0
4314,1893,434,9.0
4315,1169,25,5.0
4316,181,1890,13.0
4317,2084,182,5.0
4318,1060,689,13.0
4319,1421,1883,17.0
4320,532,1365,5.0
4321,1254,103,16.0
4322,1235,899,19.0
4323,470,665,13.0
4324,1808,495,1.0
4325,459,324,1.0
4326,1418,1849,19.0
4327,2207,783,0.0
4328,1170,1731,3.0
4329,2400,651,16.0
4330,1705,92,12.0
4331,874,515,0.0
4332,1560,125,8.0
4333,110,1012,15.0
4334,487,1554,16.0
4335,217,878,3.0
4336,2152,693,16.0
4337,1753,265,15.0
4338,680,1663,15.0
4339,1581,335,-3.0
4340,1738,104,15.0
4341,1307,1864,15.0
4342,1558,1960,-3.0
4343,944,440,17.0
4344,1571,1806,2.0
4345,1446,358,6.0
4346,1754,1725,17.0
4347,1278,1805,12.0
4348,901,1787,17.0
4349,241,1967,-5.0
4350,202,1354,13.0
4351,1502,620,6.0
4352,426,1758,14.0
4353,2402,1413,16.0
4354,367,1366,10.0
4355,2133,867,3.0
4356,337,261,19.0
4357,1215,1786,0.0
4358,932,396,19.0
4359,2069,1955,0.0
4360,656,597,1.0
4361,1710,410,8.0
4362,492,1409,
4363,1161,1777,16.0
4364,1260,138,-3.0
4365,23,1279,-5.0
4366,2189,422,14.0
4367,222,152,11.0
4368,1952,1140,-5.0
4369,2068,735,-1.0
4370,1847,1773,18.0
4371,1331,47,11.0
4372,1872,1879,
4373,1965,1877,5.0
4374,1164,1282,18.0
4375,2165,1397,-3.0
4376,1162,1631,16.0
4377,321,1404,17.0
4378,2316,1666,4.0
4379,436,1182,18.0
4380,1075,1177,8.0
4381,982,369,13.0
4382,2368,1619,5.0
4383,1629,190,-5.0
4384,732,766,6.0
4385,1749,1281,18.0
4386,1362,869,14.0
4387,745,1500,-4.0
4388,2072,1215,-5.0
4389,1060,1211,9.0
4390,875,1648,7.0
4391,824,1334,16.0
4392,720,965,7.0
4393,2306,439,7.0
4394,1362,1630,11.0
4395,2225,1322,0.0
4396,1454,987,6.0
4397,1517,821,9.0
4398,1847,234,18.0
4399,1766,1089,-3.0
4400,268,1673,16.0
4401,717,114,0.0
4402,447,1223,15.0
4403,240,51,-3.0
4404,117,1242,6.0
4405,2314,374,5.0
4406,2029,1040,0.0
4407,656,1461,5.0
4408,2040,1862,11.0
4409,587,190,-2.0
4410,1881,1770,5.0
4411,2060,37,7.0
4412,2131,445,18.0
4413,383,697,10.0
4414,84,173,0.0
4415,984,1356,14.0
4416,513,1112,0.0
4417,1589,638,11.0
4418,2220,1809,-3.0
4419,491,1278,1.0
4420,266,1913,-5.0
4421,2193,386,6.0
4422,1734,479,12.0
4423,1787,805,7.0
4424,637,950,-3.0
4425,1445,1962,14.0
4426,2116,285,0.0
4427,1278,1857,8.0
4428,2448,748,8.0
4429,1380,206,3.0
4430,1763,375,7.0
4431,782,936,-5.0
4432,250,113,-2.0
4433,885,779,7.0
4434,1291,954,14.0
4435,384,1248,0.0
4436,1289,276,-5.0
4437,537,1730,8.0
4438,1640,415,
4439,1789,1413,-5.0
4440,2072,352,4.0
4441,1198,1074,11.0
4442,2066,905,13.0
4443,1475,1065,11.0
4444,1087,1535,14.0
4445,1647,1546,1.0
4446,1176,693,3.0
4447,1876,868,6.0
4448,474,177,14.0
4449,1531,410,16.0
4450,2044,1132,7.0
4451,1835,1603,-4.0
4452,224,36,17.0
4453,2248,407,6.0
4454,133,350,18.0
4455,382,1191,13.0
4456,231,315,11.0
4457,705,1815,-4.0
4458,901,279,-4.0
4459,1347,939,0.0
4460,2029,612,1.0
4461,52,793,-1.0
4462,2385,340,6.0
4463,993,1084,5.0
4464,595,102,4.0
4465,1924,1697,11.0
4466,333,161,15.0
4467,1459,998,2.0
4468,1778,1729,4.0
4469,683,815,6.0
4470,474,545,-4.0
4471,1531,1318,2.0
4472,720,1176,0.0
4473,825,1481,-5.0
4474,1432,1375,7.0
4475,1845,870,8.0
4476,379,817,4.0
4477,764,1751,3.0
4478,2038,1822,5.0
4479,2253,466,
4480,358,1527,2.0
4481,2297,1082,9.0
4482,905,1754,15.0
4483,1173,884,8.0
4484,670,353,-2.0
4485,790,955,6.0
4486,287,1657,11.0
4487,2436,1168,
4488,778,989,15.0
4489,734,656,-1.0
4490,903,1441,2.0
4491,2191,1319,15.0
4492,586,558,-1.0
4493,1883,1519,-3.0
4494,1795,422,17.0
4495,1404,1175,16.0
4496,781,26,10.0
4497,465,1841,15.0
4498,762,593,-4.0
4499,1553,1638,-2.0
4500,1355,621,-3.0
4501,657,280,6.0
4502,1713,639,17.0
4503,2119,619,3.0
4504,915,1875,13.0
4505,1916,1194,17.0
4506,1314,1150,7.0
4507,221,539,8.0
4508,1694,130,3.0
4509,1535,1652,-1.0
4510,541,1160,2.0
4511,392,847,18.0
4512,2140,381,17.0
4513,1332,681,-5.0
4514,338,141,15.0
4515,1621,91,10.0
4516,2106,662,7.0
4517,2109,1911,
4518,2472,47,
4519,273,303,
4520,2274,577,3.0
4521,1383,197,6.0
4522,1363,413,16.0
4523,864,335,18.0
4524,338,1398,-2.0
4525,2425,798,3.0
4526,1712,762,12.0
4527,2202,302,10.0
4528,1032,1286,-4.0
4529,282,1926,8.0
4530,1905,1623,17.0
4531,1422,564,-2.0
4532,1961,1029,5.0
4533,1680,726,-2.0
4534,1251,1577,
4535,1058,1940,9.0
4536,2020,1428,19.0
4537,1164,679,12.0
4538,2433,30,3.0
4539,2040,1584,6.0
4540,1309,721,15.0
4541,1784,1724,-1.0
4542,1379,635,1.0
4543,649,151,6.0
4544,955,1384,-1.0
4545,2412,956,16.0
4546,1319,1714,13.0
4547,2027,884,-3.0
4548,1882,1037,9.0
4549,856,110,13.0
4550,586,1770,11.0
4551,1539,1994,-3.0
4552,1939,1062,14.0
4553,1305,807,9.0
4554,1364,1383,0.0
4555,442,1476,5.0
4556,392,403,8.0
4557,1912,692,-2.0
4558,2483,425,-3.0
4559,101,122,2.0
4560,1322,92,15.0
4561,1855,27,
4562,2153,919,-2.0
4563,59,1407,-2.0
4564,210,19,8.0
4565,2143,336,6.0
4566,602,1443,-3.0
4567,1368,389,19.0
4568,2099,1624,14.0
4569,1977,1925,2.0
4570,501,93,19.0
4571,1729,262,17.0
4572,1126,41,13.0
4573,919,1833,8.0
4574,308,1718,-5.0
4575,473,1452,19.0
4576,1471,752,14.0
4577,76,48,8.0
4578,643,1445,13.0
4579,2200,605,
4580,1754,1208,7.0
4581,1962,256,19.0
4582,2453,545,17.0
4583,252,219,3.0
4584,1749,1443,17.0
4585,375,102,10.0
4586,1143,1392,10.0
4587,1008,902,2.0
4588,153,302,2.0
4589,1548,1610,18.0
4590,1637,1014,12.0
4591,710,1060,-4.0
4592,1821,428,-4.0
4593,1181,135,17.0
4594,1245,1927,
4595,174,1309,
4596,238,1744,11.0
4597,764,577,2.0
4598,1902,316,2.0
4599,181,368,-1.0
4600,2146,1315,-3.0
4601,2358,239,-5.0
4602,2428,697,14.0
4603,2036,29,1.0
4604,1396,1830,1.0
4605,1201,205,7.0
4606,863,1524,15.0
4607,937,232,
4608,470,908,7.0
4609,730,855,
4610,1804,622,17.0
4611,1827,592,-4.0
4612,2417,1722,-4.0
4613,557,1870,-4.0
4614,970,336,9.0
4615,1268,390,9.0
4616,127,1572,12.0
4617,1136,52,-1.0
4618,979,1880,8.0
4619,1466,1395,-1.0
4620,2319,1819,2.0
4621,663,537,15.0
4622,1431,168,5.0
4623,1877,932,2.0
4624,1261,956,0.0
4625,162,1821,-2.0
4626,1405,351,14.0
4627,809,515,-3.0
4628,1305,653,19.0
4629,556,1348,6.0
4630,1165,1163,5.0
4631,1078,432,-1.0
4632,1563,975,2.0
4633,520,828,5.0
4634,484,2,5.0
4635,171,1359,14.0
4636,2424,966,-3.0
4637,710,1903,5.0
4638,1101,1805,0.0
4639,2053,547,0.0
4640,1261,819,
4641,1691,1772,12.0
4642,1523,108,16.0
4643,65,625,-1.0
4644,1860,56,-1.0
4645,2284,40,13.0
4646,666,505,-1.0
4647,289,973,-5.0
4648,2284,699,-5.0
4649,749,12,17.0
4650,422,1808,1.0
4651,391,1973,3.0
4652,756,235,
4653,1029,1652,3.0
4654,1161,1321,6.0
4655,750,916,5.0
4656,1072,424,17.0
4657,558,1597,6.0
4658,1088,1997,4.0
4659,704,1570,3.0
4660,1694,275,
4661,1801,1197,6.0
4662,1749,603,3.0
4663,760,1053,13.0
4664,218,531,-2.0
4665,1998,1771,-5.0
4666,1575,1208,7.0
4667,1757,1563,-4.0
4668,1591,642,2.0
4669,1784,424,19.0
4670,308,1639,19.0
4671,1856,449,6.0
4672,2331,1102,19.0
4673,1602,520,7.0
4674,1730,1051,7.0
4675,1143,1761,-5.0
4676,2297,926,2.0
4677,62,665,-1.0
4678,1021,561,13.0
4679,1424,1781,16.0
4680,1164,1592,14.0
4681,552,868,11.0
4682,1034,614,13.0
4683,567,1345,-4.0
4684,847,1311,6.0
4685,1008,1251,-5.0
4686,1540,316,19.0
4687,1407,1237,6.0
4688,1047,1698,13.0
4689,1637,1681,6.0
4690,561,73,-5.0
4691,362,1053,-3.0
4692,961,1224,-5.0
4693,1849,1747,-5.0
4694,1339,1519,3.0
4695,2255,1670,-5.0
4696,1259,1368,
4697,2322,1150,
4698,1173,1542,
4699,692,1128,9.0
4700,1918,643,9.0
4701,1928,1119,9.0
4702,1305,159,11.0
4703,160,1612,3.0
4704,1912,692,15.0
4705,1832,136,8.0
4706,163,235,12.0
4707,1639,1626,10.0
4708,1484,763,17.0
4709,1891,282,3.0
4710,1898,399,9.0
4711,240,461,14.0
4712,1966,184,15.0
4713,1736,598,9.0
4714,486,122,3.0
4715,671,1919,-4.0
4716,1860,318,15.0
4717,2472,141,5.0
4718,1018,558,16.0
4719,1221,1206,-3.0
4720,1066,777,4.0
4721,2262,344,3.0
4722,253,1283,10.0
4723,17,919,4.0
4724,116,12,2.0
4725,1916,553,-2.0
4726,1228,428,15.0
4727,693,1722,2.0
4728,812,523,9.0
4729,2036,659,
4730,795,443,6.0
4731,151,73,9.0
4732,2294,1189,-5.0
4733,1082,1162,2.0
4734,507,1353,16.0
4735,2289,1057,17.0
4736,1116,2013,14.0
4737,1630,148,9.0
4738,1965,1964,9.0
4739,1949,331,5.0
4740,392,1769,16.0
4741,46,349,10.0
4742,155,1647,
4743,511,637,-2.0
4744,282,636,4.0
4745,1450,1293,12.0
4746,30,1148,11.0
4747,721,748,10.0
4748,2310,831,14.0
4749,1347,654,1.0
4750,2131,1737,18.0
4751,1827,54,13.0
4752,2083,426,13.0
4753,2053,934,-1.0
4754,1030,83,4.0
4755,1271,618,
4756,1117,1647,-2.0
4757,1815,373,1.0
4758,2029,1534,12.0
4759,315,840,5.0
4760,2483,850,
4761,544,1250,16.0
4762,2481,292,-2.0
4763,1260,1033,
4764,1564,720,17.0
4765,1565,773,
4766,2160,1779,-5.0
4767,2039,655,
4768,1132,920,11.0
4769,435,511,-4.0
4770,373,1088,-3.0
4771,2319,495,11.0
4772,920,1004,18.0
4773,1897,1072,-4.0
4774,2237,939,-4.0
4775,1589,1191,2.0
4776,2055,1689,1.0
4777,1100,1744,13.0
4778,858,342,15.0
4779,1058,1394,13.0
4780,731,720,5.0
4781,2499,1249,5.0
4782,2188,1925,15.0
4783,314,444,19.0
4784,467,1399,13.0
4785,1844,263,5.0
4786,1233,146,7.0
4787,824,128,-3.0
4788,82,774,-5.0
4789,96,625,
4790,2367,268,-3.0
4791,389,1388,-3.0
4792,1110,1697,6.0
4793,2419,1506,-2.0
4794,1096,1813,12.0
4795,1076,1722,12.0
4796,464,2013,
4797,1285,974,13.0
4798,827,1578,-2.0
4799,1817,1246,-4.0
4800,336,302,-1.0
4801,1880,1283,6.0
4802,2062,1977,19.0
4803,717,1077,3.0
4804,1495,1086,18.0
4805,564,909,19.0
4806,2329,1843,
4807,56,485,6.0
4808,1234,1427,7.0
4809,1317,1467,19.0
4810,2438,1342,7.0
4811,1433,421,12.0
4812,1428,717,13.0
4813,1593,1423,14.0
4814,2166,1114,-5.0
4815,2385,582,
4816,224,1627,6.0
4817,317,780,-4.0
4818,336,2013,-2.0
4819,1300,345,-1.0
4820,259,434,14.0
4821,293,559,16.0
4822,1187,528,4.0
4823,504,366,16.0
4824,1660,1424,
4825,1535,195,19.0
4826,1552,1014,
4827,1392,1826,4.0
4828,1021,984,9.0
4829,2052,234,2.0
4830,620,1838,15.0
4831,1297,599,11.0
4832,191,64,6.0
4833,1002,478,-1.0
4834,1681,945,0.0
4835,536,1429,10.0
4836,677,949,1.0
4837,1282,1726,13.0
4838,1418,694,3.0
4839,783,1618,13.0
4840,314,1155,11.0
4841,2478,1461,13.0
4842,1717,239,17.0
4843,594,140,4.0
4844,254,2000,11.0
4845,525,550,8.0
4846,1699,1358,8.0
4847,164,91,14.0
4848,349,1170,17.0
4849,930,1620,9.0
4850,536,675,13.0
4851,2229,340,1.0
4852,1481,1222,10.0
4853,1993,1498,14.0
4854,1164,455,17.0
4855,1679,1382,3.0
4856,1027,844,15.0
4857,2313,1297,13.0
4858,542,1941,11.0
4859,1593,1525,13.0
4860,791,70,14.0
4861,1438,1839,6.0
4862,400,933,-4.0
4863,1144,985,-2.0
4864,2468,1846,15.0
4865,1310,1807,2.0
4866,46,1931,5.0
4867,1381,1033,5.0
4868,1104,708,6.0
4869,768,1027,-1.0
4870,860,269,12.0
4871,886,1376,9.0
4872,2452,1030,11.0
4873,1486,385,3.0
4874,1133,1258,-2.0
4875,238,901,8.0
4876,1829,1602,
4877,467,982,3.0
4878,190,96,11.0
4879,669,1523,6.0
4880,2174,624,1.0
4881,1629,125,
4882,1496,1534,
4883,2131,553,0.0
4884,2091,946,10.0
4885,1316,2013,-4.0
4886,887,7,4.0
4887,2193,277,-2.0
4888,182,1233,-1.0
4889,1169,1973,-1.0
4890,1184,1940,1.0
4891,1331,193,-4.0
4892,1396,160,13.0
4893,2491,488,
4894,767,1632,1.0
4895,2030,980,8.0
4896,1680,1482,9.0
4897,994,247,17.0
4898,2462,6,19.0
4899,420,553,14.0
4900,262,33,9.0
4901,2360,970,14.0
4902,540,1689,16.0
4903,903,1304,8.0
4904,750,1631,-3.0
4905,915,1932,-3.0
4906,50,1003,19.0
4907,2010,1957,17.0
4908,632,755,6.0
4909,1574,106,19.0
4910,723,946,-4.0
4911,2213,1545,-2.0
4912,1919,1629,2.0
4913,2311,638,3.0
4914,2342,1091,-3.0
4915,209,4,18.0
4916,889,54,18.0
4917,2355,1365,-3.0
4918,364,1158,
4919,103,1474,18.0
4920,2001,1957,0.0
4921,2447,980,19.0
4922,1680,45,-5.0
4923,352,1249,3.0
4924,1261,1678,18.0
4925,2140,852,6.0
4926,1172,171,7.0
4927,1009,450,8.0
4928,1040,367,2.0
4929,1977,903,18.0
4930,206,311,
4931,1869,677,4.0
4932,2066,204,17.0
4933,1916,1521,13.0
4934,177,1296,0.0
4935,441,1809,10.0
4936,1094,1503,4.0
4937,522,251,18.0
4938,1281,1095,7.0
4939,1281,1370,2.0
4940,2043,255,-2.0
4941,665,129,2.0
4942,906,514,2.0
4943,1966,351,
4944,2440,84,-5.0
4945,993,1381,5.0
4946,958,1147,-1.0
4947,925,1697,17.0
4948,53,1933,
4949,2035,833,18.0
4950,4,1331,3.0
4951,1585,1185,5.0
4952,682,515,5.0
4953,630,1765,9.0
4954,1857,1596,6.0
4955,205,467,8.0
4956,1620,1708,0.0
4957,1377,378,10.0
4958,1356,104,7.0
4959,1227,1504,-1.0
4960,776,1157,18.0
4961,402,943,16.0
4962,1413,555,12.0
4963,1919,815,3.0
4964,640,1253,6.0
4965,735,518,3.0
4966,2115,1212,11.0
4967,1174,1444,19.0
4968,1158,1957,15.0
4969,856,1997,
4970,1435,1398,19.0
4971,1237,1484,7.0
4972,1573,518,-1.0
4973,1525,1822,4.0
4974,2274,101,16.0
4975,1407,1918,3.0
4976,1572,220,7.0
4977,2237,138,1.0
4978,1783,668,8.0
4979,1242,262,-2.0
4980,1404,585,16.0
4981,1200,280,2.0
4982,2259,1588,-1.0
4983,1754,1106,
4984,343,324,14.0
4985,994,429,17.0
4986,347,1398,13.0
4987,2371,506,14.0
4988,494,471,9.0
4989,1511,1307,1.0
4990,2125,1988,15.0
4991,1959,2013,11.0
4992,976,971,0.0
4993,2051,587,8.0
4994,3,147,8.0
4995,1848,161,19.0
4996,2287,718,4.0
4997,1268,1293,8.0
4998,2475,1287,13.0
4999,542,1825,
5000,343,1184,5.0
